-2.69767511e+34
-8.98626307e+33
8.98626307e+33
2.69767511e+34
4.50196158e+34
6.31449545e+34
8.13763103e+34
9.97293112e+34
1.18211300e+35
1.36821818e+35
1.55553831e+35
1.74395467e+35
1.93331849e+35
2.12346885e+35
2.31424651e+35
2.50550488e+35
2.69711739e+35
2.88897909e+35
3.08100676e+35
3.27313723e+35
3.46532416e+35
3.65753485e+35
3.84974514e+35
4.04194118e+35
4.23411067e+35
4.42624807e+35
4.61834745e+35
4.81040523e+35
5.00242023e+35
5.19438769e+35
5.38630682e+35
5.57817564e+35
5.76999138e+35
5.96175285e+35
6.15345807e+35
6.34510584e+35
6.53669420e+35
6.72822036e+35
6.91968313e+35
7.11108094e+35
7.30241062e+35
7.49367216e+35
7.68486318e+35
7.87598211e+35
8.06702577e+35
8.25799495e+35
8.44888491e+35
8.63969564e+35
8.83042635e+35
9.02107229e+35
9.21163424e+35
9.40210983e+35
9.59249590e+35
9.78279244e+35
9.97299549e+35
1.01631058e+36
1.03531195e+36
1.05430358e+36
1.07328530e+36
1.09225696e+36
1.11121824e+36
1.13016898e+36
1.14910911e+36
1.16803846e+36
1.18695680e+36
1.20586388e+36
1.22475964e+36
1.24364399e+36
1.26251654e+36
1.28137704e+36
1.30022573e+36
1.31906207e+36
1.33788605e+36
1.35669735e+36
1.37549566e+36
1.39428129e+36
1.41305361e+36
1.43181294e+36
1.45055864e+36
1.46929071e+36
1.48800884e+36
1.50671287e+36
1.52540263e+36
1.54407813e+36
1.56273922e+36
1.58138557e+36
1.60001702e+36
1.61863326e+36
1.63723413e+36
1.65581979e+36
1.67438976e+36
1.69294405e+36
1.71148233e+36
1.73000429e+36
1.74851009e+36
1.76699956e+36
1.78547224e+36
1.80392829e+36
1.82236721e+36
1.84078903e+36
1.85919341e+36
1.87758037e+36
1.89594942e+36
1.91430104e+36
1.93263428e+36
1.95094945e+36
1.96924609e+36
1.98752418e+36
2.00578326e+36
2.02402380e+36
2.04224549e+36
2.06044768e+36
2.07863055e+36
2.09679376e+36
2.11493717e+36
2.13306093e+36
2.15116425e+36
2.16924744e+36
2.18731019e+36
2.20535235e+36
2.22337374e+36
2.24137391e+36
2.25935331e+36
2.27731149e+36
2.29524795e+36
2.31316255e+36
2.33105575e+36
2.34892693e+36
2.36677593e+36
2.38460258e+36
2.40240673e+36
2.42018854e+36
2.43794722e+36
2.45568324e+36
2.47339612e+36
2.49108571e+36
2.50875168e+36
2.52639374e+36
2.54401218e+36
2.56160669e+36
2.57917696e+36
2.59672299e+36
2.61424462e+36
2.63174152e+36
2.64921371e+36
2.66666086e+36
2.68408313e+36
2.70148005e+36
2.71885162e+36
2.73619752e+36
2.75351774e+36
2.77081198e+36
2.78807992e+36
2.80532155e+36
2.82253688e+36
2.83972527e+36
2.85688704e+36
2.87402219e+36
2.89113009e+36
2.90821105e+36
2.92526443e+36
2.94228993e+36
2.95928786e+36
2.97625758e+36
2.99319973e+36
3.01011336e+36
3.02699878e+36
3.04385568e+36
3.06068438e+36
3.07748392e+36
3.09425430e+36
3.11099553e+36
3.12770760e+36
3.14438988e+36
3.16104333e+36
3.17766635e+36
3.19425958e+36
3.21082270e+36
3.22735540e+36
3.24385736e+36
3.26032984e+36
3.27677064e+36
3.29318132e+36
3.30956127e+36
3.32590889e+36
3.34222609e+36
3.35851128e+36
3.37476510e+36
3.39098722e+36
3.40717734e+36
3.42333513e+36
3.43946060e+36
3.45555406e+36
3.47161455e+36
3.48764209e+36
3.50363699e+36
3.51959862e+36
3.53552728e+36
3.55142235e+36
3.56728446e+36
3.58311266e+36
3.59890727e+36
3.61466829e+36
3.63039476e+36
3.64608764e+36
3.66174567e+36
3.67736978e+36
3.69295871e+36
3.70851278e+36
3.72403231e+36
3.73951635e+36
3.75496552e+36
3.77037888e+36
3.78575707e+36
3.80109913e+36
3.81640538e+36
3.83167613e+36
3.84691075e+36
3.86210957e+36
3.87727130e+36
3.89239691e+36
3.90748512e+36
3.92253689e+36
3.93755221e+36
3.95252950e+36
3.96746971e+36
3.98237317e+36
3.99723890e+36
4.01206693e+36
4.02685724e+36
4.04160984e+36
4.05632410e+36
4.07100001e+36
4.08563788e+36
4.10023678e+36
4.11479733e+36
4.12931922e+36
4.14380181e+36
4.15824574e+36
4.17265006e+36
4.18701539e+36
4.20134143e+36
4.21562785e+36
4.22987434e+36
4.24408153e+36
4.25824816e+36
4.27237486e+36
4.28646099e+36
4.30050688e+36
4.31451220e+36
4.32847696e+36
4.34240115e+36
4.35628414e+36
4.37012657e+36
4.38392748e+36
4.39768688e+36
4.41140507e+36
4.42508112e+36
4.43871597e+36
4.45230931e+36
4.46586081e+36
4.47936953e+36
4.49283610e+36
4.50626052e+36
4.51964279e+36
4.53298259e+36
4.54627961e+36
4.55953322e+36
4.57274435e+36
4.58591239e+36
4.59903701e+36
4.61211821e+36
4.62515600e+36
4.63815069e+36
4.65110132e+36
4.66400822e+36
4.67687139e+36
4.68969051e+36
4.70246462e+36
4.71519532e+36
4.72788102e+36
4.74052235e+36
4.75311931e+36
4.76567063e+36
4.77817823e+36
4.79063955e+36
4.80305619e+36
4.81542750e+36
4.82775414e+36
4.84003545e+36
4.85227018e+36
4.86445960e+36
4.87660337e+36
4.88870056e+36
4.90075243e+36
4.91275803e+36
4.92471737e+36
4.93663011e+36
4.94849596e+36
4.96031585e+36
4.97208915e+36
4.98381492e+36
4.99549410e+36
5.00712606e+36
5.01871049e+36
5.03024738e+36
5.04173768e+36
5.05317981e+36
5.06457504e+36
5.07592210e+36
5.08722193e+36
5.09847360e+36
5.10967710e+36
5.12083274e+36
5.13194021e+36
5.14299919e+36
5.15400969e+36
5.16497138e+36
5.17588459e+36
5.18674930e+36
5.19756426e+36
5.20833074e+36
5.21904777e+36
5.22971600e+36
5.24033448e+36
5.25090383e+36
5.26142438e+36
5.27189486e+36
5.28231590e+36
5.29268750e+36
5.30300903e+36
5.31328048e+36
5.32350186e+36
5.33367286e+36
5.34379378e+36
5.35386463e+36
5.36388478e+36
5.37385358e+36
5.38377231e+36
5.39364097e+36
5.40345829e+36
5.41322554e+36
5.42294081e+36
5.43260538e+36
5.44221798e+36
5.45177987e+36
5.46129041e+36
5.47074962e+36
5.48015686e+36
5.48951339e+36
5.49881794e+36
5.50806989e+36
5.51727050e+36
5.52641850e+36
5.53551516e+36
5.54455921e+36
5.55355129e+36
5.56249140e+36
5.57137890e+36
5.58021379e+36
5.58899607e+36
5.59772575e+36
5.60640282e+36
5.61502728e+36
5.62359850e+36
5.63211647e+36
5.64058121e+36
5.64899271e+36
5.65735159e+36
5.66565661e+36
5.67390838e+36
5.68210691e+36
5.69025156e+36
5.69834298e+36
5.70638052e+36
5.71436481e+36
5.72229460e+36
5.73017115e+36
5.73799319e+36
5.74576135e+36
5.75347564e+36
5.76113542e+36
5.76874069e+36
5.77629272e+36
5.78378897e+36
5.79123071e+36
5.79861858e+36
5.80595257e+36
5.81323079e+36
5.82045449e+36
5.82762306e+36
5.83473711e+36
5.84179602e+36
5.84879979e+36
5.85574842e+36
5.86264190e+36
5.86948088e+36
5.87626408e+36
5.88299277e+36
5.88966441e+36
5.89628155e+36
5.90284291e+36
5.90934849e+36
5.91579830e+36
5.92219233e+36
5.92853058e+36
5.93481306e+36
5.94103976e+36
5.94721005e+36
5.95332519e+36
5.95938329e+36
5.96538625e+36
5.97133280e+36
5.97722294e+36
5.98305667e+36
5.98883399e+36
5.99455426e+36
6.00021876e+36
6.00582621e+36
6.01137725e+36
6.01687188e+36
6.02231010e+36
6.02769191e+36
6.03301541e+36
6.03828314e+36
6.04349381e+36
6.04864745e+36
6.05374404e+36
6.05878358e+36
6.06376608e+36
6.06869217e+36
6.07356058e+36
6.07837195e+36
6.08312501e+36
6.08782165e+36
6.09246062e+36
6.09704254e+36
6.10156679e+36
6.10603336e+36
6.11044224e+36
6.11479409e+36
6.11908826e+36
6.12332411e+36
6.12750292e+36
6.13162469e+36
6.13568814e+36
6.13969328e+36
6.14364075e+36
6.14753053e+36
6.15136201e+36
6.15513580e+36
6.15885192e+36
6.16250972e+36
6.16610922e+36
6.16965103e+36
6.17313390e+36
6.17655973e+36
6.17992724e+36
6.18323581e+36
6.18648670e+36
6.18967865e+36
6.19281228e+36
6.19588887e+36
6.19890588e+36
6.20186457e+36
6.20476496e+36
6.20760639e+36
6.21039079e+36
6.21311560e+36
6.21578274e+36
6.21839093e+36
6.22094081e+36
6.22343175e+36
6.22586373e+36
6.22823741e+36
6.23055214e+36
6.23280856e+36
6.23500603e+36
6.23714519e+36
6.23922477e+36
6.24124604e+36
6.24320836e+36
6.24511237e+36
6.24695617e+36
6.24874229e+36
6.25046946e+36
6.25213706e+36
6.25374571e+36
6.25529604e+36
6.25678744e+36
6.25821925e+36
6.25959338e+36
6.26090857e+36
6.26216354e+36
6.26336020e+36
6.26449792e+36
6.26557669e+36
6.26659588e+36
6.26755613e+36
6.26845743e+36
6.26929915e+36
6.27008255e+36
6.27080638e+36
6.27147127e+36
6.27207720e+36
6.27262356e+36
6.27311161e+36
6.27354007e+36
6.27390959e+36
6.27422017e+36
6.27447180e+36
6.27466384e+36
6.27479631e+36
6.27487047e+36
6.27488568e+36
6.27484132e+36
6.27473737e+36
6.27457447e+36
6.27435264e+36
6.27407185e+36
6.27373212e+36
6.27333281e+36
6.27287519e+36
6.27235735e+36
6.27178121e+36
6.27114611e+36
6.27045144e+36
6.26969846e+36
6.26888526e+36
6.26801312e+36
6.26708329e+36
6.26609326e+36
6.26504428e+36
6.26393635e+36
6.26276948e+36
6.26154366e+36
6.26025890e+36
6.25891455e+36
6.25751126e+36
6.25604966e+36
6.25452975e+36
6.25294962e+36
6.25131118e+36
6.24961317e+36
6.24785684e+36
6.24604156e+36
6.24416734e+36
6.24223481e+36
6.24024269e+36
6.23819227e+36
6.23608163e+36
6.23391395e+36
6.23168732e+36
6.22940175e+36
6.22705723e+36
6.22465439e+36
6.22219262e+36
6.21967253e+36
6.21709476e+36
6.21445741e+36
6.21176175e+36
6.20900778e+36
6.20619423e+36
6.20332300e+36
6.20039220e+36
6.19740434e+36
6.19435754e+36
6.19125307e+36
6.18809028e+36
6.18486855e+36
6.18158850e+36
6.17825078e+36
6.17485537e+36
6.17140039e+36
6.16788837e+36
6.16431739e+36
6.16068938e+36
6.15700178e+36
6.15325714e+36
6.14945483e+36
6.14559356e+36
6.14167525e+36
6.13769863e+36
6.13366434e+36
6.12957173e+36
6.12542207e+36
6.12121411e+36
6.11694846e+36
6.11262450e+36
6.10824414e+36
6.10380609e+36
6.09931037e+36
6.09475697e+36
6.09014716e+36
6.08547903e+36
6.08075387e+36
6.07597166e+36
6.07113177e+36
6.06623483e+36
6.06128149e+36
6.05627110e+36
6.05120303e+36
6.04607792e+36
6.04089576e+36
6.03565656e+36
6.03036032e+36
6.02500766e+36
6.01959797e+36
6.01413186e+36
6.00860870e+36
6.00302914e+36
5.99739316e+36
5.99170014e+36
5.98595198e+36
5.98014678e+36
5.97428516e+36
5.96836713e+36
5.96239270e+36
5.95636248e+36
5.95027522e+36
5.94413282e+36
5.93793401e+36
5.93167942e+36
5.92536906e+36
5.91900228e+36
5.91257973e+36
5.90610140e+36
5.89956857e+36
5.89297995e+36
5.88633556e+36
5.87963603e+36
5.87288008e+36
5.86606900e+36
5.85920340e+36
5.85228203e+36
5.84530552e+36
5.83827386e+36
5.83118832e+36
5.82404638e+36
5.81685056e+36
5.80959897e+36
5.80229350e+36
5.79493288e+36
5.78751776e+36
5.78004813e+36
5.77252399e+36
5.76494597e+36
5.75731282e+36
5.74962578e+36
5.74188487e+36
5.73408946e+36
5.72624016e+36
5.71833700e+36
5.71037995e+36
5.70236840e+36
5.69430424e+36
5.68618684e+36
5.67801493e+36
5.66978915e+36
5.66150949e+36
5.65317785e+36
5.64479235e+36
5.63635423e+36
5.62786287e+36
5.61931827e+36
5.61072043e+36
5.60206999e+36
5.59336630e+36
5.58461000e+36
5.57580236e+36
5.56694149e+36
5.55802863e+36
5.54906254e+36
5.54004448e+36
5.53097444e+36
5.52185179e+36
5.51267717e+36
5.50345121e+36
5.49417264e+36
5.48484336e+36
5.47546148e+36
5.46602889e+36
5.45654370e+36
5.44700716e+36
5.43741929e+36
5.42778007e+36
5.41809015e+36
5.40834889e+36
5.39855692e+36
5.38871425e+36
5.37882024e+36
5.36887552e+36
5.35888073e+36
5.34883523e+36
5.33873966e+36
5.32859338e+36
5.31839767e+36
5.30815125e+36
5.29785444e+36
5.28750819e+36
5.27711251e+36
5.26666643e+36
5.25617124e+36
5.24562692e+36
5.23503253e+36
5.22438870e+36
5.21369575e+36
5.20295400e+36
5.19216312e+36
5.18132281e+36
5.17043464e+36
5.15949703e+36
5.14851094e+36
5.13747636e+36
5.12639297e+36
5.11526173e+36
5.10408232e+36
5.09285537e+36
5.08157994e+36
5.07025665e+36
5.05888519e+36
5.04746651e+36
5.03599966e+36
5.02448591e+36
5.01292493e+36
5.00131642e+36
4.98966006e+36
4.97795806e+36
4.96620820e+36
4.95441145e+36
4.94256811e+36
4.93067881e+36
4.91874325e+36
4.90676078e+36
4.89473236e+36
4.88265767e+36
4.87053703e+36
4.85837075e+36
4.84615852e+36
4.83390066e+36
4.82159716e+36
4.80924802e+36
4.79685389e+36
4.78441443e+36
4.77192998e+36
4.75940020e+36
4.74682637e+36
4.73420723e+36
4.72154340e+36
4.70883552e+36
4.69608295e+36
4.68328602e+36
4.67044440e+36
4.65755969e+36
4.64463060e+36
4.63165810e+36
4.61864186e+36
4.60558221e+36
4.59247945e+36
4.57933328e+36
4.56614370e+36
4.55291101e+36
4.53963554e+36
4.52631760e+36
4.51295656e+36
4.49955338e+36
4.48610772e+36
4.47261992e+36
4.45908965e+36
4.44551787e+36
4.43190425e+36
4.41824849e+36
4.40455120e+36
4.39081209e+36
4.37703178e+36
4.36321058e+36
4.34934787e+36
4.33544428e+36
4.32150012e+36
4.30751477e+36
4.29348917e+36
4.27942236e+36
4.26531627e+36
4.25116960e+36
4.23698269e+36
4.22275616e+36
4.20848939e+36
4.19418332e+36
4.17983763e+36
4.16545265e+36
4.15102869e+36
4.13656511e+36
4.12206319e+36
4.10752197e+36
4.09294240e+36
4.07832354e+36
4.06366696e+36
4.04897172e+36
4.03423846e+36
4.01946716e+36
4.00465815e+36
3.98981142e+36
3.97492667e+36
3.96000484e+36
3.94504561e+36
3.93004930e+36
3.91501623e+36
3.89994577e+36
3.88483823e+36
3.86969487e+36
3.85451476e+36
3.83929851e+36
3.82404582e+36
3.80875732e+36
3.79343301e+36
3.77807257e+36
3.76267664e+36
3.74724553e+36
3.73177861e+36
3.71627714e+36
3.70074050e+36
3.68516900e+36
3.66956232e+36
3.65392141e+36
3.63824596e+36
3.62253660e+36
3.60679269e+36
3.59101488e+36
3.57520348e+36
3.55935816e+36
3.54347893e+36
3.52756675e+36
3.51162129e+36
3.49564319e+36
3.47963149e+36
3.46358747e+36
3.44751081e+36
3.43140151e+36
3.41525956e+36
3.39908593e+36
3.38287965e+36
3.36664231e+36
3.35037265e+36
3.33407161e+36
3.31773920e+36
3.30137573e+36
3.28498089e+36
3.26855563e+36
3.25209867e+36
3.23561161e+36
3.21909348e+36
3.20254526e+36
3.18596724e+36
3.16935880e+36
3.15272088e+36
3.13605318e+36
3.11935569e+36
3.10262872e+36
3.08587291e+36
3.06908795e+36
3.05227415e+36
3.03543183e+36
3.01856067e+36
3.00166098e+36
2.98473278e+36
2.96777668e+36
2.95079238e+36
2.93378051e+36
2.91674139e+36
2.89967469e+36
2.88258010e+36
2.86545826e+36
2.84830949e+36
2.83113441e+36
2.81393239e+36
2.79670375e+36
2.77944944e+36
2.76216787e+36
2.74486096e+36
2.72752805e+36
2.71016980e+36
2.69278555e+36
2.67537596e+36
2.65794133e+36
2.64048150e+36
2.62299695e+36
2.60548769e+36
2.58795402e+36
2.57039579e+36
2.55281332e+36
2.53520676e+36
2.51757643e+36
2.49992218e+36
2.48224448e+36
2.46454332e+36
2.44681919e+36
2.42907160e+36
2.41130136e+36
2.39350830e+36
2.37569290e+36
2.35785499e+36
2.33999506e+36
2.32211295e+36
2.30420881e+36
2.28628312e+36
2.26833589e+36
2.25036694e+36
2.23237707e+36
2.21436630e+36
2.19633460e+36
2.17828183e+36
2.16020893e+36
2.14211576e+36
2.12400214e+36
2.10586840e+36
2.08771501e+36
2.06954197e+36
2.05134944e+36
2.03313774e+36
2.01490670e+36
1.99665649e+36
1.97838775e+36
1.96010030e+36
1.94179432e+36
1.92346996e+36
1.90512768e+36
1.88676751e+36
1.86838943e+36
1.84999376e+36
1.83158066e+36
1.81315028e+36
1.79470296e+36
1.77623852e+36
1.75775744e+36
1.73925988e+36
1.72074585e+36
1.70221549e+36
1.68366912e+36
1.66510692e+36
1.64652918e+36
1.62793576e+36
1.60932712e+36
1.59070343e+36
1.57206453e+36
1.55341090e+36
1.53474268e+36
1.51606005e+36
1.49736283e+36
1.47865168e+36
1.45992658e+36
1.44118769e+36
1.42243533e+36
1.40366983e+36
1.38489069e+36
1.36609872e+36
1.34729360e+36
1.32847612e+36
1.30964573e+36
1.29080329e+36
1.27194857e+36
1.25308197e+36
1.23420372e+36
1.21531366e+36
1.19641220e+36
1.17749941e+36
1.15857553e+36
1.13964071e+36
1.12069504e+36
1.10173898e+36
1.08277255e+36
1.06379583e+36
1.04480903e+36
1.02581258e+36
1.00680637e+36
9.87790743e+35
9.68765685e+35
9.49731594e+35
9.30688471e+35
9.11636634e+35
8.92576239e+35
8.73507367e+35
8.54430335e+35
8.35345221e+35
8.16252264e+35
7.97151701e+35
7.78043532e+35
7.58927836e+35
7.39805248e+35
7.20675608e+35
7.01539234e+35
6.82396204e+35
6.63246678e+35
6.44090893e+35
6.24929126e+35
6.05761457e+35
5.86588123e+35
5.67409203e+35
5.48224975e+35
5.29035557e+35
5.09841188e+35
4.90641946e+35
4.71438149e+35
4.52229836e+35
4.33017284e+35
4.13800691e+35
3.94580176e+35
3.75355938e+35
3.56128214e+35
3.36897122e+35
3.17662822e+35
2.98425531e+35
2.79185427e+35
2.59942689e+35
2.40697535e+35
2.21450102e+35
2.02200590e+35
1.82949157e+35
1.63696000e+35
1.44441299e+35
1.25185241e+35
1.05928004e+35
8.66697667e+34
6.74107077e+34
4.81510099e+34
2.88908664e+34
9.63044807e+33
-9.63006060e+33
-2.88904777e+34
-4.81506137e+34
-6.74103066e+34
-8.66693607e+34
-1.05927598e+35
-1.25184835e+35
-1.44440893e+35
-1.63695604e+35
-1.82948741e+35
-2.02200194e+35
-2.21449726e+35
-2.40697138e+35
-2.59942333e+35
-2.79185031e+35
-2.98425115e+35
-3.17662386e+35
-3.36896686e+35
-3.56127778e+35
-3.75355542e+35
-3.94579780e+35
-4.13800295e+35
-4.33016927e+35
-4.52229439e+35
-4.71437713e+35
-4.90641511e+35
-5.09840713e+35
-5.29035122e+35
-5.48224539e+35
-5.67408767e+35
-5.86587687e+35
-6.05761021e+35
-6.24928730e+35
-6.44090457e+35
-6.63246203e+35
-6.82395650e+35
-7.01538679e+35
-7.20675133e+35
-7.39804693e+35
-7.58927440e+35
-7.78043057e+35
-7.97151226e+35
-8.16251868e+35
-8.35344825e+35
-8.54429939e+35
-8.73507050e+35
-8.92575843e+35
-9.11636317e+35
-9.30688075e+35
-9.49731119e+35
-9.68765209e+35
-9.87790189e+35
-1.00680598e+36
-1.02581210e+36
-1.04480872e+36
-1.06379543e+36
-1.08277208e+36
-1.10173859e+36
-1.12069456e+36
-1.13964007e+36
-1.15857489e+36
-1.17749878e+36
-1.19641141e+36
-1.21531295e+36
-1.23420301e+36
-1.25308133e+36
-1.27194809e+36
-1.29080273e+36
-1.30964533e+36
-1.32847541e+36
-1.34729297e+36
-1.36609809e+36
-1.38489022e+36
-1.40366919e+36
-1.42243486e+36
-1.44118721e+36
-1.45992610e+36
-1.47865120e+36
-1.49736220e+36
-1.51605925e+36
-1.53474205e+36
-1.55341026e+36
-1.57206390e+36
-1.59070264e+36
-1.60932649e+36
-1.62793528e+36
-1.64652886e+36
-1.66510676e+36
-1.68366881e+36
-1.70221517e+36
-1.72074537e+36
-1.73925941e+36
-1.75775696e+36
-1.77623788e+36
-1.79470217e+36
-1.81314965e+36
-1.83158002e+36
-1.84999328e+36
-1.86838879e+36
-1.88676703e+36
-1.90512721e+36
-1.92346964e+36
-1.94179384e+36
-1.96009983e+36
-1.97838711e+36
-1.99665586e+36
-2.01490607e+36
-2.03313679e+36
-2.05134865e+36
-2.06954102e+36
-2.08771374e+36
-2.10586713e+36
-2.12400071e+36
-2.14211449e+36
-2.16020798e+36
-2.17828104e+36
-2.19633349e+36
-2.21436519e+36
-2.23237597e+36
-2.25036583e+36
-2.26833478e+36
-2.28628217e+36
-2.30420802e+36
-2.32211216e+36
-2.33999427e+36
-2.35785436e+36
-2.37569242e+36
-2.39350783e+36
-2.41130057e+36
-2.42907097e+36
-2.44681824e+36
-2.46454269e+36
-2.48224368e+36
-2.49992155e+36
-2.51757580e+36
-2.53520613e+36
-2.55281268e+36
-2.57039500e+36
-2.58795339e+36
-2.60548721e+36
-2.62299679e+36
-2.64048150e+36
-2.65794133e+36
-2.67537596e+36
-2.69278555e+36
-2.71016980e+36
-2.72752805e+36
-2.74486096e+36
-2.76216787e+36
-2.77944944e+36
-2.79670375e+36
-2.81393207e+36
-2.83113409e+36
-2.84830917e+36
-2.86545763e+36
-2.88257915e+36
-2.89967342e+36
-2.91674075e+36
-2.93378019e+36
-2.95079207e+36
-2.96777605e+36
-2.98473246e+36
-3.00166035e+36
-3.01856003e+36
-3.03543119e+36
-3.05227383e+36
-3.06908764e+36
-3.08587291e+36
-3.10262872e+36
-3.11935537e+36
-3.13605223e+36
-3.15272025e+36
-3.16935848e+36
-3.18596660e+36
-3.20254526e+36
-3.21909285e+36
-3.23561034e+36
-3.25209740e+36
-3.26855436e+36
-3.28497994e+36
-3.30137478e+36
-3.31773825e+36
-3.33407066e+36
-3.35037201e+36
-3.36664168e+36
-3.38287933e+36
-3.39908497e+36
-3.41525893e+36
-3.43140056e+36
-3.44750986e+36
-3.46358684e+36
-3.47963086e+36
-3.49564255e+36
-3.51162066e+36
-3.52756612e+36
-3.54347830e+36
-3.55935689e+36
-3.57520221e+36
-3.59101361e+36
-3.60679143e+36
-3.62253565e+36
-3.63824532e+36
-3.65392046e+36
-3.66956200e+36
-3.68516805e+36
-3.70073987e+36
-3.71627619e+36
-3.73177797e+36
-3.74724458e+36
-3.76267601e+36
-3.77807131e+36
-3.79343111e+36
-3.80875574e+36
-3.82404392e+36
-3.83929661e+36
-3.85451317e+36
-3.86969360e+36
-3.88483759e+36
-3.89994450e+36
-3.91501528e+36
-3.93004899e+36
-3.94504529e+36
-3.96000420e+36
-3.97492635e+36
-3.98981079e+36
-4.00465783e+36
-4.01946716e+36
-4.03423846e+36
-4.04897172e+36
-4.06366696e+36
-4.07832354e+36
-4.09294240e+36
-4.10752197e+36
-4.12206319e+36
-4.13656511e+36
-4.15102869e+36
-4.16545265e+36
-4.17983763e+36
-4.19418332e+36
-4.20848939e+36
-4.22275616e+36
-4.23698269e+36
-4.25116960e+36
-4.26531627e+36
-4.27942236e+36
-4.29348917e+36
-4.30751477e+36
-4.32150012e+36
-4.33544428e+36
-4.34934787e+36
-4.36321058e+36
-4.37703178e+36
-4.39081209e+36
-4.40455120e+36
-4.41824849e+36
-4.43190425e+36
-4.44551787e+36
-4.45908965e+36
-4.47261992e+36
-4.48610772e+36
-4.49955338e+36
-4.51295656e+36
-4.52631760e+36
-4.53963554e+36
-4.55291101e+36
-4.56614370e+36
-4.57933328e+36
-4.59247945e+36
-4.60558221e+36
-4.61864186e+36
-4.63165810e+36
-4.64463060e+36
-4.65755969e+36
-4.67044440e+36
-4.68328602e+36
-4.69608295e+36
-4.70883552e+36
-4.72154340e+36
-4.73420723e+36
-4.74682637e+36
-4.75940020e+36
-4.77192998e+36
-4.78441443e+36
-4.79685389e+36
-4.80924802e+36
-4.82159716e+36
-4.83390066e+36
-4.84615852e+36
-4.85837075e+36
-4.87053703e+36
-4.88265767e+36
-4.89473236e+36
-4.90676078e+36
-4.91874325e+36
-4.93067881e+36
-4.94256811e+36
-4.95441145e+36
-4.96620820e+36
-4.97795806e+36
-4.98966006e+36
-5.00131611e+36
-5.01292493e+36
-5.02448591e+36
-5.03599966e+36
-5.04746619e+36
-5.05888487e+36
-5.07025538e+36
-5.08157899e+36
-5.09285442e+36
-5.10408232e+36
-5.11526173e+36
-5.12639297e+36
-5.13747636e+36
-5.14851094e+36
-5.15949640e+36
-5.17043369e+36
-5.18132217e+36
-5.19216154e+36
-5.20295273e+36
-5.21369448e+36
-5.22438743e+36
-5.23503126e+36
-5.24562565e+36
-5.25617092e+36
-5.26666580e+36
-5.27711156e+36
-5.28750756e+36
-5.29785412e+36
-5.30815030e+36
-5.31839704e+36
-5.32859338e+36
-5.33873966e+36
-5.34883523e+36
-5.35888009e+36
-5.36887488e+36
-5.37881960e+36
-5.38871361e+36
-5.39855692e+36
-5.40834889e+36
-5.41809015e+36
-5.42778007e+36
-5.43741929e+36
-5.44700716e+36
-5.45654370e+36
-5.46602889e+36
-5.47546148e+36
-5.48484336e+36
-5.49417264e+36
-5.50345121e+36
-5.51267717e+36
-5.52185179e+36
-5.53097444e+36
-5.54004448e+36
-5.54906254e+36
-5.55802863e+36
-5.56694149e+36
-5.57580236e+36
-5.58461000e+36
-5.59336630e+36
-5.60206999e+36
-5.61072043e+36
-5.61931827e+36
-5.62786287e+36
-5.63635423e+36
-5.64479235e+36
-5.65317785e+36
-5.66150949e+36
-5.66978915e+36
-5.67801493e+36
-5.68618684e+36
-5.69430424e+36
-5.70236840e+36
-5.71037995e+36
-5.71833700e+36
-5.72624016e+36
-5.73408946e+36
-5.74188487e+36
-5.74962578e+36
-5.75731282e+36
-5.76494597e+36
-5.77252399e+36
-5.78004813e+36
-5.78751776e+36
-5.79493288e+36
-5.80229350e+36
-5.80959897e+36
-5.81685056e+36
-5.82404638e+36
-5.83118832e+36
-5.83827386e+36
-5.84530552e+36
-5.85228203e+36
-5.85920340e+36
-5.86606900e+36
-5.87288008e+36
-5.87963603e+36
-5.88633556e+36
-5.89297995e+36
-5.89956857e+36
-5.90610140e+36
-5.91257973e+36
-5.91900228e+36
-5.92536906e+36
-5.93167942e+36
-5.93793401e+36
-5.94413282e+36
-5.95027522e+36
-5.95636248e+36
-5.96239270e+36
-5.96836713e+36
-5.97428516e+36
-5.98014678e+36
-5.98595198e+36
-5.99170014e+36
-5.99739316e+36
-6.00302914e+36
-6.00860870e+36
-6.01413186e+36
-6.01959797e+36
-6.02500766e+36
-6.03036032e+36
-6.03565656e+36
-6.04089576e+36
-6.04607792e+36
-6.05120303e+36
-6.05627110e+36
-6.06128149e+36
-6.06623483e+36
-6.07113177e+36
-6.07597166e+36
-6.08075387e+36
-6.08547903e+36
-6.09014716e+36
-6.09475697e+36
-6.09930974e+36
-6.10380546e+36
-6.10824350e+36
-6.11262450e+36
-6.11694656e+36
-6.12121220e+36
-6.12542017e+36
-6.12956982e+36
-6.13366180e+36
-6.13769673e+36
-6.14167335e+36
-6.14559293e+36
-6.14945292e+36
-6.15325588e+36
-6.15700052e+36
-6.16068748e+36
-6.16431613e+36
-6.16788646e+36
-6.17139912e+36
-6.17485411e+36
-6.17825078e+36
-6.18158850e+36
-6.18486791e+36
-6.18808965e+36
-6.19125307e+36
-6.19435754e+36
-6.19740434e+36
-6.20039220e+36
-6.20332300e+36
-6.20619423e+36
-6.20900778e+36
-6.21176175e+36
-6.21445741e+36
-6.21709476e+36
-6.21967253e+36
-6.22219262e+36
-6.22465439e+36
-6.22705723e+36
-6.22940175e+36
-6.23168732e+36
-6.23391395e+36
-6.23608163e+36
-6.23819227e+36
-6.24024269e+36
-6.24223481e+36
-6.24416734e+36
-6.24604156e+36
-6.24785684e+36
-6.24961317e+36
-6.25131118e+36
-6.25294962e+36
-6.25452975e+36
-6.25604966e+36
-6.25751126e+36
-6.25891455e+36
-6.26025890e+36
-6.26154366e+36
-6.26276948e+36
-6.26393635e+36
-6.26504428e+36
-6.26609326e+36
-6.26708329e+36
-6.26801312e+36
-6.26888526e+36
-6.26969846e+36
-6.27045144e+36
-6.27114611e+36
-6.27178121e+36
-6.27235735e+36
-6.27287519e+36
-6.27333281e+36
-6.27373212e+36
-6.27407185e+36
-6.27435264e+36
-6.27457447e+36
-6.27473737e+36
-6.27484132e+36
-6.27488568e+36
-6.27487047e+36
-6.27479631e+36
-6.27466384e+36
-6.27447180e+36
-6.27422017e+36
-6.27390959e+36
-6.27354007e+36
-6.27311161e+36
-6.27262356e+36
-6.27207720e+36
-6.27147127e+36
-6.27080638e+36
-6.27008255e+36
-6.26929915e+36
-6.26845743e+36
-6.26755613e+36
-6.26659588e+36
-6.26557669e+36
-6.26449792e+36
-6.26336020e+36
-6.26216354e+36
-6.26090857e+36
-6.25959338e+36
-6.25821925e+36
-6.25678744e+36
-6.25529604e+36
-6.25374571e+36
-6.25213706e+36
-6.25046946e+36
-6.24874229e+36
-6.24695617e+36
-6.24511237e+36
-6.24320836e+36
-6.24124604e+36
-6.23922477e+36
-6.23714519e+36
-6.23500603e+36
-6.23280856e+36
-6.23055214e+36
-6.22823741e+36
-6.22586437e+36
-6.22343175e+36
-6.22094145e+36
-6.21839157e+36
-6.21578401e+36
-6.21311751e+36
-6.21039269e+36
-6.20760893e+36
-6.20476622e+36
-6.20186521e+36
-6.19890714e+36
-6.19588950e+36
-6.19281355e+36
-6.18967991e+36
-6.18648734e+36
-6.18323645e+36
-6.17992724e+36
-6.17655973e+36
-6.17313390e+36
-6.16965103e+36
-6.16610922e+36
-6.16250972e+36
-6.15885192e+36
-6.15513580e+36
-6.15136201e+36
-6.14753053e+36
-6.14364075e+36
-6.13969328e+36
-6.13568814e+36
-6.13162469e+36
-6.12750292e+36
-6.12332411e+36
-6.11908826e+36
-6.11479409e+36
-6.11044224e+36
-6.10603336e+36
-6.10156679e+36
-6.09704254e+36
-6.09246062e+36
-6.08782165e+36
-6.08312501e+36
-6.07837195e+36
-6.07356058e+36
-6.06869217e+36
-6.06376608e+36
-6.05878358e+36
-6.05374404e+36
-6.04864745e+36
-6.04349381e+36
-6.03828314e+36
-6.03301541e+36
-6.02769191e+36
-6.02231010e+36
-6.01687188e+36
-6.01137725e+36
-6.00582621e+36
-6.00021876e+36
-5.99455426e+36
-5.98883399e+36
-5.98305667e+36
-5.97722294e+36
-5.97133280e+36
-5.96538625e+36
-5.95938329e+36
-5.95332519e+36
-5.94721005e+36
-5.94103976e+36
-5.93481306e+36
-5.92853058e+36
-5.92219233e+36
-5.91579830e+36
-5.90934849e+36
-5.90284291e+36
-5.89628155e+36
-5.88966441e+36
-5.88299277e+36
-5.87626408e+36
-5.86948151e+36
-5.86264254e+36
-5.85574969e+36
-5.84880106e+36
-5.84179793e+36
-5.83473901e+36
-5.82762496e+36
-5.82045639e+36
-5.81323269e+36
-5.80595384e+36
-5.79862048e+36
-5.79123198e+36
-5.78378960e+36
-5.77629272e+36
-5.76874195e+36
-5.76113605e+36
-5.75347564e+36
-5.74576135e+36
-5.73799319e+36
-5.73017115e+36
-5.72229460e+36
-5.71436481e+36
-5.70638052e+36
-5.69834298e+36
-5.69025156e+36
-5.68210691e+36
-5.67390838e+36
-5.66565661e+36
-5.65735159e+36
-5.64899271e+36
-5.64058121e+36
-5.63211647e+36
-5.62359850e+36
-5.61502728e+36
-5.60640282e+36
-5.59772575e+36
-5.58899607e+36
-5.58021379e+36
-5.57137890e+36
-5.56249140e+36
-5.55355129e+36
-5.54455921e+36
-5.53551516e+36
-5.52641850e+36
-5.51727050e+36
-5.50806989e+36
-5.49881794e+36
-5.48951339e+36
-5.48015686e+36
-5.47074962e+36
-5.46129041e+36
-5.45177987e+36
-5.44221798e+36
-5.43260538e+36
-5.42294081e+36
-5.41322554e+36
-5.40345829e+36
-5.39364097e+36
-5.38377231e+36
-5.37385358e+36
-5.36388478e+36
-5.35386463e+36
-5.34379378e+36
-5.33367286e+36
-5.32350186e+36
-5.31328048e+36
-5.30300903e+36
-5.29268750e+36
-5.28231621e+36
-5.27189613e+36
-5.26142628e+36
-5.25090637e+36
-5.24033638e+36
-5.22971727e+36
-5.21904936e+36
-5.20833200e+36
-5.19756553e+36
-5.18675025e+36
-5.17588554e+36
-5.16497265e+36
-5.15401032e+36
-5.14299983e+36
-5.13194084e+36
-5.12083369e+36
-5.10967836e+36
-5.09847455e+36
-5.08722352e+36
-5.07592368e+36
-5.06457631e+36
-5.05318140e+36
-5.04173831e+36
-5.03024833e+36
-5.01871112e+36
-5.00712670e+36
-4.99549442e+36
-4.98381524e+36
-4.97208915e+36
-4.96031585e+36
-4.94849596e+36
-4.93663011e+36
-4.92471737e+36
-4.91275803e+36
-4.90075243e+36
-4.88870056e+36
-4.87660337e+36
-4.86445960e+36
-4.85227018e+36
-4.84003545e+36
-4.82775414e+36
-4.81542750e+36
-4.80305619e+36
-4.79063955e+36
-4.77817823e+36
-4.76567063e+36
-4.75311931e+36
-4.74052235e+36
-4.72788102e+36
-4.71519532e+36
-4.70246462e+36
-4.68969051e+36
-4.67687139e+36
-4.66400822e+36
-4.65110132e+36
-4.63815069e+36
-4.62515600e+36
-4.61211821e+36
-4.59903701e+36
-4.58591239e+36
-4.57274467e+36
-4.55953385e+36
-4.54627961e+36
-4.53298291e+36
-4.51964374e+36
-4.50626147e+36
-4.49283673e+36
-4.47936953e+36
-4.46586081e+36
-4.45230931e+36
-4.43871692e+36
-4.42508207e+36
-4.41140571e+36
-4.39768719e+36
-4.38392811e+36
-4.37012688e+36
-4.35628541e+36
-4.34240178e+36
-4.32847791e+36
-4.31451283e+36
-4.30050688e+36
-4.28646099e+36
-4.27237486e+36
-4.25824816e+36
-4.24408153e+36
-4.22987434e+36
-4.21562785e+36
-4.20134143e+36
-4.18701539e+36
-4.17265006e+36
-4.15824574e+36
-4.14380181e+36
-4.12931922e+36
-4.11479733e+36
-4.10023678e+36
-4.08563788e+36
-4.07100001e+36
-4.05632410e+36
-4.04160984e+36
-4.02685724e+36
-4.01206693e+36
-3.99723890e+36
-3.98237317e+36
-3.96746971e+36
-3.95252950e+36
-3.93755221e+36
-3.92253689e+36
-3.90748512e+36
-3.89239691e+36
-3.87727130e+36
-3.86210957e+36
-3.84691075e+36
-3.83167613e+36
-3.81640538e+36
-3.80109913e+36
-3.78575707e+36
-3.77037888e+36
-3.75496552e+36
-3.73951635e+36
-3.72403231e+36
-3.70851278e+36
-3.69295871e+36
-3.67736978e+36
-3.66174567e+36
-3.64608764e+36
-3.63039476e+36
-3.61466829e+36
-3.59890727e+36
-3.58311266e+36
-3.56728446e+36
-3.55142235e+36
-3.53552728e+36
-3.51959862e+36
-3.50363699e+36
-3.48764209e+36
-3.47161455e+36
-3.45555406e+36
-3.43946060e+36
-3.42333513e+36
-3.40717734e+36
-3.39098722e+36
-3.37476541e+36
-3.35851160e+36
-3.34222609e+36
-3.32590889e+36
-3.30956127e+36
-3.29318196e+36
-3.27677159e+36
-3.26033048e+36
-3.24385831e+36
-3.22735571e+36
-3.21082301e+36
-3.19425989e+36
-3.17766666e+36
-3.16104364e+36
-3.14439083e+36
-3.12770824e+36
-3.11099648e+36
-3.09425494e+36
-3.07748455e+36
-3.06068501e+36
-3.04385663e+36
-3.02699973e+36
-3.01011399e+36
-2.99320037e+36
-2.97625822e+36
-2.95928849e+36
-2.94229025e+36
-2.92526475e+36
-2.90821137e+36
-2.89113072e+36
-2.87402283e+36
-2.85688800e+36
-2.83972622e+36
-2.82253720e+36
-2.80532219e+36
-2.78808055e+36
-2.77081262e+36
-2.75351838e+36
-2.73619847e+36
-2.71885257e+36
-2.70148100e+36
-2.68408408e+36
-2.66666213e+36
-2.64921466e+36
-2.63174216e+36
-2.61424525e+36
-2.59672363e+36
-2.57917760e+36
-2.56160701e+36
-2.54401250e+36
-2.52639405e+36
-2.50875168e+36
-2.49108571e+36
-2.47339628e+36
-2.45568355e+36
-2.43794769e+36
-2.42018902e+36
-2.40240768e+36
-2.38460306e+36
-2.36677640e+36
-2.34892725e+36
-2.33105607e+36
-2.31316302e+36
-2.29524795e+36
-2.27731149e+36
-2.25935331e+36
-2.24137391e+36
-2.22337374e+36
-2.20535235e+36
-2.18731035e+36
-2.16924744e+36
-2.15116441e+36
-2.13306093e+36
-2.11493717e+36
-2.09679376e+36
-2.07863055e+36
-2.06044784e+36
-2.04224565e+36
-2.02402428e+36
-2.00578374e+36
-1.98752434e+36
-1.96924624e+36
-1.95094945e+36
-1.93263444e+36
-1.91430120e+36
-1.89595005e+36
-1.87758100e+36
-1.85919405e+36
-1.84078950e+36
-1.82236769e+36
-1.80392860e+36
-1.78547288e+36
-1.76700004e+36
-1.74851072e+36
-1.73000492e+36
-1.71148281e+36
-1.69294452e+36
-1.67439024e+36
-1.65582011e+36
-1.63723445e+36
-1.61863374e+36
-1.60001734e+36
-1.58138588e+36
-1.56273969e+36
-1.54407861e+36
-1.52540311e+36
-1.50671318e+36
-1.48800916e+36
-1.46929103e+36
-1.45055911e+36
-1.43181341e+36
-1.41305424e+36
-1.39428176e+36
-1.37549629e+36
-1.35669767e+36
-1.33788621e+36
-1.31906231e+36
-1.30022605e+36
-1.28137735e+36
-1.26251677e+36
-1.24364423e+36
-1.22476012e+36
-1.20586428e+36
-1.18695719e+36
-1.16803885e+36
-1.14910966e+36
-1.13016946e+36
-1.11121863e+36
-1.09225743e+36
-1.07328570e+36
-1.05430405e+36
-1.03531235e+36
-1.01631098e+36
-9.97300024e+35
-9.78279640e+35
-9.59249986e+35
-9.40211380e+35
-9.21163899e+35
-9.02107783e+35
-8.83043111e+35
-8.63970119e+35
-8.44888967e+35
-8.25799892e+35
-8.06703052e+35
-7.87598765e+35
-7.68486873e+35
-7.49367770e+35
-7.30241537e+35
-7.11108411e+35
-6.91968709e+35
-6.72822432e+35
-6.53669736e+35
-6.34511020e+35
-6.15346282e+35
-5.96175760e+35
-5.76999574e+35
-5.57818040e+35
-5.38631237e+35
-5.19439324e+35
-5.00242538e+35
-4.81041117e+35
-4.61835260e+35
-4.42625283e+35
-4.23411542e+35
-4.04194514e+35
-3.84974871e+35
-3.65753762e+35
-3.46532693e+35
-3.27314040e+35
-3.08101013e+35
-2.88898265e+35
-2.69712096e+35
-2.50550844e+35
-2.31424987e+35
-2.12347222e+35
-1.93332166e+35
-1.74395764e+35
-1.55554118e+35
-1.36822095e+35
-1.18211558e+35
-9.97295489e+34
-8.13765084e+34
-6.31451179e+34
-4.50197396e+34
-2.69768254e+34
-8.98628783e+33
8.98628783e+33
2.69768254e+34
