-9.95872691e-02
-2.91120987e-02
2.91120987e-02
9.95872691e-02
1.83637559e-01
2.73167491e-01
3.63947153e-01
4.54904526e-01
5.45874715e-01
6.36840820e-01
7.27800906e-01
8.18754196e-01
9.09699798e-01
1.00063682e+00
1.09156418e+00
1.18248141e+00
1.27338755e+00
1.36428165e+00
1.45516300e+00
1.54603052e+00
1.63688350e+00
1.72772110e+00
1.81854236e+00
1.90934658e+00
2.00013280e+00
2.09089994e+00
2.18164754e+00
2.27237463e+00
2.36308026e+00
2.45376372e+00
2.54442406e+00
2.63506031e+00
2.72567201e+00
2.81625772e+00
2.90681672e+00
2.99734879e+00
3.08785272e+00
3.17832708e+00
3.26877165e+00
3.35918570e+00
3.44956779e+00
3.53991747e+00
3.63023353e+00
3.72051573e+00
3.81076241e+00
3.90097380e+00
3.99114823e+00
4.08128500e+00
4.17138338e+00
4.26144266e+00
4.35146093e+00
4.44143915e+00
4.53137493e+00
4.62126875e+00
4.71111822e+00
4.80092382e+00
4.89068413e+00
4.98039818e+00
5.07006550e+00
5.15968513e+00
5.24925613e+00
5.33877707e+00
5.42824841e+00
5.51766825e+00
5.60703611e+00
5.69635105e+00
5.78561211e+00
5.87481833e+00
5.96397066e+00
6.05306625e+00
6.14210415e+00
6.23108482e+00
6.32000685e+00
6.40886927e+00
6.49767065e+00
6.58641100e+00
6.67508984e+00
6.76370525e+00
6.85225725e+00
6.94074488e+00
7.02916718e+00
7.11752224e+00
7.20581198e+00
7.29403257e+00
7.38218498e+00
7.47026777e+00
7.55827999e+00
7.64622021e+00
7.73408890e+00
7.82188511e+00
7.90960789e+00
7.99725533e+00
8.08482742e+00
8.17232418e+00
8.25974369e+00
8.34708500e+00
8.43434811e+00
8.52153111e+00
8.60863495e+00
8.69565678e+00
8.78259659e+00
8.86945438e+00
8.95622826e+00
9.04291630e+00
9.12952042e+00
9.21603870e+00
9.30247116e+00
9.38881397e+00
9.47507000e+00
9.56123543e+00
9.64731216e+00
9.73329735e+00
9.81919098e+00
9.90499115e+00
9.99069881e+00
1.00763121e+01
1.01618299e+01
1.02472525e+01
1.03325796e+01
1.04178076e+01
1.05029373e+01
1.05879707e+01
1.06729031e+01
1.07577343e+01
1.08424644e+01
1.09270916e+01
1.10116158e+01
1.10960360e+01
1.11803532e+01
1.12645645e+01
1.13486700e+01
1.14326687e+01
1.15165596e+01
1.16003418e+01
1.16840134e+01
1.17675762e+01
1.18510284e+01
1.19343691e+01
1.20175962e+01
1.21007099e+01
1.21837101e+01
1.22665958e+01
1.23493662e+01
1.24320211e+01
1.25145569e+01
1.25969753e+01
1.26792755e+01
1.27614565e+01
1.28435154e+01
1.29254551e+01
1.30072727e+01
1.30889683e+01
1.31705408e+01
1.32519875e+01
1.33333101e+01
1.34145069e+01
1.34955778e+01
1.35765209e+01
1.36573372e+01
1.37380247e+01
1.38185825e+01
1.38990088e+01
1.39793053e+01
1.40594702e+01
1.41395006e+01
1.42194004e+01
1.42991657e+01
1.43787966e+01
1.44582920e+01
1.45376501e+01
1.46168718e+01
1.46959562e+01
1.47749004e+01
1.48537073e+01
1.49323750e+01
1.50108995e+01
1.50892830e+01
1.51675243e+01
1.52456245e+01
1.53235798e+01
1.54013910e+01
1.54790573e+01
1.55565767e+01
1.56339512e+01
1.57111769e+01
1.57882576e+01
1.58651857e+01
1.59419651e+01
1.60185947e+01
1.60950737e+01
1.61714020e+01
1.62475777e+01
1.63235989e+01
1.63994675e+01
1.64751816e+01
1.65507393e+01
1.66261425e+01
1.67013874e+01
1.67764759e+01
1.68514061e+01
1.69261761e+01
1.70007896e+01
1.70752411e+01
1.71495323e+01
1.72236614e+01
1.72976284e+01
1.73714333e+01
1.74450722e+01
1.75185490e+01
1.75918617e+01
1.76650066e+01
1.77379856e+01
1.78107986e+01
1.78834419e+01
1.79559193e+01
1.80282249e+01
1.81003628e+01
1.81723251e+01
1.82441216e+01
1.83157444e+01
1.83871937e+01
1.84584713e+01
1.85295753e+01
1.86005039e+01
1.86712570e+01
1.87418346e+01
1.88122368e+01
1.88824596e+01
1.89525051e+01
1.90223732e+01
1.90920620e+01
1.91615696e+01
1.92308960e+01
1.93000431e+01
1.93690071e+01
1.94377899e+01
1.95063858e+01
1.95748024e+01
1.96430321e+01
1.97110786e+01
1.97789383e+01
1.98466110e+01
1.99140987e+01
1.99813995e+01
2.00485096e+01
2.01154308e+01
2.01821632e+01
2.02487049e+01
2.03150578e+01
2.03812160e+01
2.04471836e+01
2.05129585e+01
2.05785427e+01
2.06439323e+01
2.07091255e+01
2.07741241e+01
2.08389263e+01
2.09035320e+01
2.09679413e+01
2.10321541e+01
2.10961685e+01
2.11599827e+01
2.12235985e+01
2.12870140e+01
2.13502293e+01
2.14132423e+01
2.14760551e+01
2.15386658e+01
2.16010723e+01
2.16632767e+01
2.17252769e+01
2.17870712e+01
2.18486595e+01
2.19100437e+01
2.19712219e+01
2.20321903e+01
2.20929527e+01
2.21535072e+01
2.22138538e+01
2.22739906e+01
2.23339176e+01
2.23936329e+01
2.24531403e+01
2.25124340e+01
2.25715141e+01
2.26303825e+01
2.26890392e+01
2.27474823e+01
2.28057098e+01
2.28637218e+01
2.29215164e+01
2.29790974e+01
2.30364609e+01
2.30936108e+01
2.31505413e+01
2.32072544e+01
2.32637463e+01
2.33200207e+01
2.33760757e+01
2.34319115e+01
2.34875240e+01
2.35429153e+01
2.35980873e+01
2.36530342e+01
2.37077618e+01
2.37622643e+01
2.38165398e+01
2.38705921e+01
2.39244232e+01
2.39780273e+01
2.40314045e+01
2.40845547e+01
2.41374779e+01
2.41901760e+01
2.42426434e+01
2.42948856e+01
2.43468971e+01
2.43986778e+01
2.44502316e+01
2.45015526e+01
2.45526447e+01
2.46035061e+01
2.46541309e+01
2.47045269e+01
2.47546902e+01
2.48046207e+01
2.48543167e+01
2.49037762e+01
2.49530029e+01
2.50019951e+01
2.50507507e+01
2.50992718e+01
2.51475582e+01
2.51956062e+01
2.52434139e+01
2.52909851e+01
2.53383198e+01
2.53854122e+01
2.54322681e+01
2.54788857e+01
2.55252609e+01
2.55713978e+01
2.56172924e+01
2.56629467e+01
2.57083588e+01
2.57535267e+01
2.57984524e+01
2.58431396e+01
2.58875809e+01
2.59317760e+01
2.59757271e+01
2.60194340e+01
2.60628948e+01
2.61061096e+01
2.61490822e+01
2.61918030e+01
2.62342815e+01
2.62765102e+01
2.63184948e+01
2.63602295e+01
2.64017181e+01
2.64429531e+01
2.64839439e+01
2.65246830e+01
2.65651703e+01
2.66054096e+01
2.66453953e+01
2.66851330e+01
2.67246189e+01
2.67638531e+01
2.68028336e+01
2.68415642e+01
2.68800411e+01
2.69182606e+01
2.69562302e+01
2.69939461e+01
2.70314083e+01
2.70686150e+01
2.71055641e+01
2.71422634e+01
2.71787033e+01
2.72148876e+01
2.72508183e+01
2.72864876e+01
2.73218994e+01
2.73570557e+01
2.73919544e+01
2.74265938e+01
2.74609776e+01
2.74951000e+01
2.75289650e+01
2.75625725e+01
2.75959187e+01
2.76290016e+01
2.76618252e+01
2.76943893e+01
2.77266941e+01
2.77587395e+01
2.77905197e+01
2.78220406e+01
2.78532963e+01
2.78842907e+01
2.79150238e+01
2.79454880e+01
2.79756927e+01
2.80056362e+01
2.80353146e+01
2.80647297e+01
2.80938778e+01
2.81227627e+01
2.81513824e+01
2.81797371e+01
2.82078285e+01
2.82356491e+01
2.82632084e+01
2.82905006e+01
2.83175240e+01
2.83442783e+01
2.83707714e+01
2.83969917e+01
2.84229488e+01
2.84486370e+01
2.84740582e+01
2.84992065e+01
2.85240936e+01
2.85487061e+01
2.85730534e+01
2.85971298e+01
2.86209373e+01
2.86444740e+01
2.86677418e+01
2.86907387e+01
2.87134666e+01
2.87359238e+01
2.87581081e+01
2.87800198e+01
2.88016644e+01
2.88230362e+01
2.88441391e+01
2.88649693e+01
2.88855247e+01
2.89058094e+01
2.89258232e+01
2.89455624e+01
2.89650288e+01
2.89842243e+01
2.90031433e+01
2.90217896e+01
2.90401669e+01
2.90582676e+01
2.90760956e+01
2.90936470e+01
2.91109276e+01
2.91279316e+01
2.91446629e+01
2.91611176e+01
2.91772995e+01
2.91932030e+01
2.92088375e+01
2.92241936e+01
2.92392731e+01
2.92540779e+01
2.92686100e+01
2.92828636e+01
2.92968369e+01
2.93105412e+01
2.93239651e+01
2.93371162e+01
2.93499889e+01
2.93625851e+01
2.93749065e+01
2.93869495e+01
2.93987122e+01
2.94102039e+01
2.94214172e+01
2.94323521e+01
2.94430084e+01
2.94533882e+01
2.94634933e+01
2.94733181e+01
2.94828663e+01
2.94921341e+01
2.95011272e+01
2.95098381e+01
2.95182762e+01
2.95264339e+01
2.95343132e+01
2.95419159e+01
2.95492382e+01
2.95562820e+01
2.95630493e+01
2.95695343e+01
2.95757446e+01
2.95816746e+01
2.95873260e+01
2.95926991e+01
2.95977936e+01
2.96026077e+01
2.96071434e+01
2.96114025e+01
2.96153812e+01
2.96190796e+01
2.96224995e+01
2.96256428e+01
2.96285038e+01
2.96310844e+01
2.96333904e+01
2.96354141e+01
2.96371593e+01
2.96386261e+01
2.96398125e+01
2.96407204e+01
2.96413498e+01
2.96416988e+01
2.96417694e+01
2.96415596e+01
2.96410694e+01
2.96403027e+01
2.96392555e+01
2.96379280e+01
2.96363220e+01
2.96344357e+01
2.96322708e+01
2.96298294e+01
2.96271038e+01
2.96241055e+01
2.96208248e+01
2.96172657e+01
2.96134243e+01
2.96093082e+01
2.96049137e+01
2.96002369e+01
2.95952835e+01
2.95900497e+01
2.95845356e+01
2.95787449e+01
2.95726738e+01
2.95663261e+01
2.95596981e+01
2.95527954e+01
2.95456085e+01
2.95381489e+01
2.95304089e+01
2.95223885e+01
2.95140915e+01
2.95055180e+01
2.94966660e+01
2.94875355e+01
2.94781246e+01
2.94684372e+01
2.94584751e+01
2.94482327e+01
2.94377136e+01
2.94269180e+01
2.94158440e+01
2.94044933e+01
2.93928661e+01
2.93809605e+01
2.93687801e+01
2.93563213e+01
2.93435860e+01
2.93305740e+01
2.93172874e+01
2.93037224e+01
2.92898846e+01
2.92757664e+01
2.92613754e+01
2.92467098e+01
2.92317677e+01
2.92165489e+01
2.92010536e+01
2.91852856e+01
2.91692410e+01
2.91529236e+01
2.91363316e+01
2.91194630e+01
2.91023197e+01
2.90849056e+01
2.90672169e+01
2.90492516e+01
2.90310154e+01
2.90125027e+01
2.89937191e+01
2.89746590e+01
2.89553299e+01
2.89357262e+01
2.89158516e+01
2.88957005e+01
2.88752785e+01
2.88545856e+01
2.88336220e+01
2.88123837e+01
2.87908783e+01
2.87691002e+01
2.87470512e+01
2.87247295e+01
2.87021370e+01
2.86792736e+01
2.86561432e+01
2.86327381e+01
2.86090641e+01
2.85851231e+01
2.85609131e+01
2.85364323e+01
2.85116863e+01
2.84866695e+01
2.84613838e+01
2.84358292e+01
2.84100075e+01
2.83839169e+01
2.83575573e+01
2.83309383e+01
2.83040447e+01
2.82768879e+01
2.82494640e+01
2.82217731e+01
2.81938152e+01
2.81655941e+01
2.81371059e+01
2.81083546e+01
2.80793362e+01
2.80500546e+01
2.80205097e+01
2.79907017e+01
2.79606247e+01
2.79302902e+01
2.78996868e+01
2.78688240e+01
2.78376980e+01
2.78063107e+01
2.77746639e+01
2.77427502e+01
2.77105770e+01
2.76781425e+01
2.76454449e+01
2.76124916e+01
2.75792751e+01
2.75458031e+01
2.75120659e+01
2.74780712e+01
2.74438171e+01
2.74093075e+01
2.73745365e+01
2.73395100e+01
2.73042240e+01
2.72686825e+01
2.72328835e+01
2.71968269e+01
2.71605148e+01
2.71239471e+01
2.70871239e+01
2.70500450e+01
2.70127106e+01
2.69751225e+01
2.69372807e+01
2.68991833e+01
2.68608341e+01
2.68222313e+01
2.67833767e+01
2.67442665e+01
2.67049084e+01
2.66652966e+01
2.66254349e+01
2.65853233e+01
2.65449581e+01
2.65043449e+01
2.64634800e+01
2.64223671e+01
2.63810024e+01
2.63393917e+01
2.62975368e+01
2.62554302e+01
2.62130756e+01
2.61704731e+01
2.61276283e+01
2.60845356e+01
2.60411949e+01
2.59976101e+01
2.59537811e+01
2.59097061e+01
2.58653908e+01
2.58208256e+01
2.57760220e+01
2.57309742e+01
2.56856842e+01
2.56401520e+01
2.55943775e+01
2.55483608e+01
2.55021057e+01
2.54556103e+01
2.54088745e+01
2.53618984e+01
2.53146839e+01
2.52672291e+01
2.52195396e+01
2.51716099e+01
2.51234455e+01
2.50750446e+01
2.50264034e+01
2.49775276e+01
2.49284210e+01
2.48790760e+01
2.48295002e+01
2.47796860e+01
2.47296410e+01
2.46793613e+01
2.46288509e+01
2.45781040e+01
2.45271263e+01
2.44759197e+01
2.44244843e+01
2.43728180e+01
2.43209209e+01
2.42687950e+01
2.42164402e+01
2.41638584e+01
2.41110458e+01
2.40580101e+01
2.40047455e+01
2.39512558e+01
2.38975391e+01
2.38435974e+01
2.37894325e+01
2.37350407e+01
2.36804256e+01
2.36255875e+01
2.35705318e+01
2.35152493e+01
2.34597454e+01
2.34040222e+01
2.33480759e+01
2.32919121e+01
2.32355289e+01
2.31789246e+01
2.31221046e+01
2.30650673e+01
2.30078106e+01
2.29503345e+01
2.28926468e+01
2.28347416e+01
2.27766209e+01
2.27182884e+01
2.26597366e+01
2.26009750e+01
2.25419998e+01
2.24828129e+01
2.24234161e+01
2.23638039e+01
2.23039818e+01
2.22439480e+01
2.21837063e+01
2.21232567e+01
2.20625973e+01
2.20017338e+01
2.19406567e+01
2.18793793e+01
2.18178921e+01
2.17562008e+01
2.16943016e+01
2.16321983e+01
2.15698948e+01
2.15073853e+01
2.14446735e+01
2.13817616e+01
2.13186493e+01
2.12553329e+01
2.11918163e+01
2.11281013e+01
2.10641861e+01
2.10000725e+01
2.09357605e+01
2.08712559e+01
2.08065491e+01
2.07416477e+01
2.06765518e+01
2.06112595e+01
2.05457764e+01
2.04800968e+01
2.04142246e+01
2.03481617e+01
2.02819061e+01
2.02154579e+01
2.01488228e+01
2.00819950e+01
2.00149765e+01
1.99477730e+01
1.98803806e+01
1.98128014e+01
1.97450333e+01
1.96770821e+01
1.96089439e+01
1.95406189e+01
1.94721127e+01
1.94034233e+01
1.93345490e+01
1.92654934e+01
1.91962566e+01
1.91268368e+01
1.90572395e+01
1.89874611e+01
1.89175053e+01
1.88473701e+01
1.87770576e+01
1.87065697e+01
1.86359024e+01
1.85650597e+01
1.84940453e+01
1.84228554e+01
1.83514900e+01
1.82799530e+01
1.82082443e+01
1.81363659e+01
1.80643139e+01
1.79920921e+01
1.79197006e+01
1.78471413e+01
1.77744141e+01
1.77015171e+01
1.76284542e+01
1.75552254e+01
1.74818325e+01
1.74082756e+01
1.73345528e+01
1.72606659e+01
1.71866169e+01
1.71124058e+01
1.70380344e+01
1.69635048e+01
1.68888111e+01
1.68139610e+01
1.67389526e+01
1.66637859e+01
1.65884609e+01
1.65129814e+01
1.64373436e+01
1.63615532e+01
1.62856083e+01
1.62095089e+01
1.61332588e+01
1.60568562e+01
1.59803009e+01
1.59035950e+01
1.58267403e+01
1.57497358e+01
1.56725845e+01
1.55952835e+01
1.55178366e+01
1.54402428e+01
1.53625050e+01
1.52846212e+01
1.52065945e+01
1.51284237e+01
1.50501099e+01
1.49716558e+01
1.48930597e+01
1.48143234e+01
1.47354460e+01
1.46564312e+01
1.45772781e+01
1.44979887e+01
1.44185619e+01
1.43389988e+01
1.42593002e+01
1.41794691e+01
1.40995035e+01
1.40194054e+01
1.39391747e+01
1.38588133e+01
1.37783194e+01
1.36976976e+01
1.36169462e+01
1.35360661e+01
1.34550581e+01
1.33739262e+01
1.32926645e+01
1.32112789e+01
1.31297693e+01
1.30481367e+01
1.29663811e+01
1.28845024e+01
1.28025026e+01
1.27203827e+01
1.26381416e+01
1.25557814e+01
1.24733047e+01
1.23907089e+01
1.23079967e+01
1.22251692e+01
1.21422253e+01
1.20591679e+01
1.19759970e+01
1.18927135e+01
1.18093176e+01
1.17258101e+01
1.16421928e+01
1.15584641e+01
1.14746284e+01
1.13906832e+01
1.13066320e+01
1.12224751e+01
1.11382093e+01
1.10538416e+01
1.09693680e+01
1.08847904e+01
1.08001127e+01
1.07153320e+01
1.06304502e+01
1.05454683e+01
1.04603872e+01
1.03752069e+01
1.02899284e+01
1.02045546e+01
1.01190834e+01
1.00335178e+01
9.94785690e+00
9.86210251e+00
9.77625561e+00
9.69031715e+00
9.60428619e+00
9.51816559e+00
9.43195438e+00
9.34565544e+00
9.25926685e+00
9.17279148e+00
9.08623028e+00
8.99958420e+00
8.91285229e+00
8.82603645e+00
8.73913765e+00
8.65215683e+00
8.56509399e+00
8.47795105e+00
8.39072800e+00
8.30342579e+00
8.21604443e+00
8.12858677e+00
8.04105282e+00
7.95344257e+00
7.86575651e+00
7.77799797e+00
7.69016457e+00
7.60226011e+00
7.51428318e+00
7.42623568e+00
7.33811760e+00
7.24993134e+00
7.16167688e+00
7.07335377e+00
6.98496532e+00
6.89651108e+00
6.80799103e+00
6.71940708e+00
6.63075924e+00
6.54205036e+00
6.45327854e+00
6.36444616e+00
6.27555418e+00
6.18660259e+00
6.09759283e+00
6.00852680e+00
5.91940308e+00
5.83022356e+00
5.74098969e+00
5.65170097e+00
5.56235933e+00
5.47296572e+00
5.38352013e+00
5.29402304e+00
5.20447731e+00
5.11488152e+00
5.02523851e+00
4.93554783e+00
4.84581041e+00
4.75602770e+00
4.66619968e+00
4.57632828e+00
4.48641348e+00
4.39645672e+00
4.30645800e+00
4.21641874e+00
4.12633991e+00
4.03622246e+00
3.94606686e+00
3.85587406e+00
3.76564455e+00
3.67537999e+00
3.58508062e+00
3.49474716e+00
3.40438175e+00
3.31398368e+00
3.22355413e+00
3.13309455e+00
3.04260492e+00
2.95208740e+00
2.86154175e+00
2.77096891e+00
2.68037033e+00
2.58974624e+00
2.49909782e+00
2.40842605e+00
2.31773114e+00
2.22701454e+00
2.13627720e+00
2.04551959e+00
1.95474279e+00
1.86394751e+00
1.77313471e+00
1.68230522e+00
1.59145975e+00
1.50059950e+00
1.40972483e+00
1.31883717e+00
1.22793686e+00
1.13702512e+00
1.04610252e+00
9.55170214e-01
8.64228845e-01
7.73279250e-01
6.82322562e-01
5.91359377e-01
5.00390530e-01
4.09417033e-01
3.18439662e-01
2.27459282e-01
1.36476785e-01
4.54929918e-02
-4.54912297e-02
-1.36475012e-01
-2.27457523e-01
-3.18437904e-01
-4.09415245e-01
-5.00388741e-01
-5.91357529e-01
-6.82320714e-01
-7.73277581e-01
-8.64227057e-01
-9.55168486e-01
-1.04610085e+00
-1.13702333e+00
-1.22793519e+00
-1.31883526e+00
-1.40972316e+00
-1.50059772e+00
-1.59145808e+00
-1.68230355e+00
-1.77313304e+00
-1.86394584e+00
-1.95474112e+00
-2.04551816e+00
-2.13627553e+00
-2.22701287e+00
-2.31772947e+00
-2.40842438e+00
-2.49909639e+00
-2.58974457e+00
-2.68036866e+00
-2.77096748e+00
-2.86154008e+00
-2.95208573e+00
-3.04260325e+00
-3.13309264e+00
-3.22355223e+00
-3.31398153e+00
-3.40437961e+00
-3.49474525e+00
-3.58507824e+00
-3.67537808e+00
-3.76564288e+00
-3.85587192e+00
-3.94606495e+00
-4.03622055e+00
-4.12633801e+00
-4.21641731e+00
-4.30645609e+00
-4.39645433e+00
-4.48641157e+00
-4.57632637e+00
-4.66619825e+00
-4.75602579e+00
-4.84580898e+00
-4.93554640e+00
-5.02523661e+00
-5.11488056e+00
-5.20447540e+00
-5.29402161e+00
-5.38351774e+00
-5.47296333e+00
-5.56235743e+00
-5.65169954e+00
-5.74098825e+00
-5.83022213e+00
-5.91940117e+00
-6.00852489e+00
-6.09759188e+00
-6.18660164e+00
-6.27555227e+00
-6.36444426e+00
-6.45327616e+00
-6.54204750e+00
-6.63075781e+00
-6.71940517e+00
-6.80798912e+00
-6.89650917e+00
-6.98496342e+00
-7.07335281e+00
-7.16167450e+00
-7.24992990e+00
-7.33811617e+00
-7.42623377e+00
-7.51428127e+00
-7.60225821e+00
-7.69016361e+00
-7.77799606e+00
-7.86575508e+00
-7.95344019e+00
-8.04105091e+00
-8.12858486e+00
-8.21604347e+00
-8.30342388e+00
-8.39072609e+00
-8.47794914e+00
-8.56509209e+00
-8.65215492e+00
-8.73913574e+00
-8.82603455e+00
-8.91285038e+00
-8.99958229e+00
-9.08622932e+00
-9.17279053e+00
-9.25926495e+00
-9.34565353e+00
-9.43195248e+00
-9.51816368e+00
-9.60428429e+00
-9.69031525e+00
-9.77625465e+00
-9.86210060e+00
-9.94785595e+00
-1.00335169e+01
-1.01190825e+01
-1.02045527e+01
-1.02899265e+01
-1.03752050e+01
-1.04603844e+01
-1.05454655e+01
-1.06304464e+01
-1.07153292e+01
-1.08001108e+01
-1.08847895e+01
-1.09693651e+01
-1.10538387e+01
-1.11382084e+01
-1.12224722e+01
-1.13066311e+01
-1.13906822e+01
-1.14746265e+01
-1.15584621e+01
-1.16421909e+01
-1.17258081e+01
-1.18093147e+01
-1.18927107e+01
-1.19759951e+01
-1.20591660e+01
-1.21422243e+01
-1.22251673e+01
-1.23079948e+01
-1.23907061e+01
-1.24733019e+01
-1.25557804e+01
-1.26381397e+01
-1.27203808e+01
-1.28025007e+01
-1.28845005e+01
-1.29663801e+01
-1.30481348e+01
-1.31297674e+01
-1.32112780e+01
-1.32926636e+01
-1.33739233e+01
-1.34550581e+01
-1.35360651e+01
-1.36169443e+01
-1.36976957e+01
-1.37783175e+01
-1.38588104e+01
-1.39391727e+01
-1.40194044e+01
-1.40995026e+01
-1.41794672e+01
-1.42592993e+01
-1.43389969e+01
-1.44185600e+01
-1.44979877e+01
-1.45772781e+01
-1.46564293e+01
-1.47354441e+01
-1.48143206e+01
-1.48930559e+01
-1.49716530e+01
-1.50501089e+01
-1.51284218e+01
-1.52065926e+01
-1.52846193e+01
-1.53625040e+01
-1.54402428e+01
-1.55178347e+01
-1.55952816e+01
-1.56725826e+01
-1.57497349e+01
-1.58267393e+01
-1.59035950e+01
-1.59802990e+01
-1.60568542e+01
-1.61332569e+01
-1.62095089e+01
-1.62856064e+01
-1.63615532e+01
-1.64373417e+01
-1.65129776e+01
-1.65884590e+01
-1.66637821e+01
-1.67389488e+01
-1.68139591e+01
-1.68888111e+01
-1.69635048e+01
-1.70380344e+01
-1.71124058e+01
-1.71866169e+01
-1.72606659e+01
-1.73345528e+01
-1.74082718e+01
-1.74818287e+01
-1.75552235e+01
-1.76284523e+01
-1.77015152e+01
-1.77744102e+01
-1.78471394e+01
-1.79196987e+01
-1.79920921e+01
-1.80643139e+01
-1.81363640e+01
-1.82082443e+01
-1.82799511e+01
-1.83514900e+01
-1.84228554e+01
-1.84940434e+01
-1.85650597e+01
-1.86359005e+01
-1.87065659e+01
-1.87770557e+01
-1.88473701e+01
-1.89175053e+01
-1.89874592e+01
-1.90572376e+01
-1.91268368e+01
-1.91962547e+01
-1.92654934e+01
-1.93345470e+01
-1.94034195e+01
-1.94721127e+01
-1.95406170e+01
-1.96089420e+01
-1.96770802e+01
-1.97450314e+01
-1.98127975e+01
-1.98803787e+01
-1.99477730e+01
-2.00149765e+01
-2.00819931e+01
-2.01488209e+01
-2.02154579e+01
-2.02819061e+01
-2.03481598e+01
-2.04142246e+01
-2.04800968e+01
-2.05457764e+01
-2.06112595e+01
-2.06765499e+01
-2.07416458e+01
-2.08065472e+01
-2.08712540e+01
-2.09357605e+01
-2.10000725e+01
-2.10641823e+01
-2.11280975e+01
-2.11918144e+01
-2.12553310e+01
-2.13186455e+01
-2.13817596e+01
-2.14446735e+01
-2.15073853e+01
-2.15698948e+01
-2.16321983e+01
-2.16943016e+01
-2.17561989e+01
-2.18178902e+01
-2.18793774e+01
-2.19406567e+01
-2.20017319e+01
-2.20625973e+01
-2.21232567e+01
-2.21837063e+01
-2.22439480e+01
-2.23039799e+01
-2.23638020e+01
-2.24234123e+01
-2.24828129e+01
-2.25419998e+01
-2.26009750e+01
-2.26597366e+01
-2.27182865e+01
-2.27766209e+01
-2.28347397e+01
-2.28926468e+01
-2.29503345e+01
-2.30078106e+01
-2.30650673e+01
-2.31221046e+01
-2.31789246e+01
-2.32355289e+01
-2.32919121e+01
-2.33480759e+01
-2.34040222e+01
-2.34597454e+01
-2.35152493e+01
-2.35705318e+01
-2.36255875e+01
-2.36804256e+01
-2.37350407e+01
-2.37894287e+01
-2.38435955e+01
-2.38975353e+01
-2.39512520e+01
-2.40047417e+01
-2.40580082e+01
-2.41110458e+01
-2.41638546e+01
-2.42164402e+01
-2.42687950e+01
-2.43209190e+01
-2.43728161e+01
-2.44244843e+01
-2.44759197e+01
-2.45271263e+01
-2.45781021e+01
-2.46288471e+01
-2.46793594e+01
-2.47296391e+01
-2.47796841e+01
-2.48294964e+01
-2.48790760e+01
-2.49284210e+01
-2.49775276e+01
-2.50264034e+01
-2.50750427e+01
-2.51234455e+01
-2.51716099e+01
-2.52195396e+01
-2.52672291e+01
-2.53146820e+01
-2.53618984e+01
-2.54088726e+01
-2.54556084e+01
-2.55021057e+01
-2.55483608e+01
-2.55943775e+01
-2.56401520e+01
-2.56856823e+01
-2.57309704e+01
-2.57760162e+01
-2.58208237e+01
-2.58653851e+01
-2.59097042e+01
-2.59537792e+01
-2.59976101e+01
-2.60411949e+01
-2.60845318e+01
-2.61276226e+01
-2.61704731e+01
-2.62130756e+01
-2.62554264e+01
-2.62975349e+01
-2.63393917e+01
-2.63810024e+01
-2.64223652e+01
-2.64634781e+01
-2.65043411e+01
-2.65449562e+01
-2.65853233e+01
-2.66254349e+01
-2.66652966e+01
-2.67049084e+01
-2.67442665e+01
-2.67833767e+01
-2.68222313e+01
-2.68608341e+01
-2.68991833e+01
-2.69372807e+01
-2.69751225e+01
-2.70127106e+01
-2.70500450e+01
-2.70871239e+01
-2.71239471e+01
-2.71605129e+01
-2.71968250e+01
-2.72328815e+01
-2.72686825e+01
-2.73042240e+01
-2.73395100e+01
-2.73745365e+01
-2.74093075e+01
-2.74438171e+01
-2.74780712e+01
-2.75120659e+01
-2.75457993e+01
-2.75792732e+01
-2.76124897e+01
-2.76454449e+01
-2.76781425e+01
-2.77105770e+01
-2.77427502e+01
-2.77746639e+01
-2.78063107e+01
-2.78376980e+01
-2.78688221e+01
-2.78996868e+01
-2.79302864e+01
-2.79606247e+01
-2.79906979e+01
-2.80205097e+01
-2.80500546e+01
-2.80793362e+01
-2.81083546e+01
-2.81371059e+01
-2.81655941e+01
-2.81938152e+01
-2.82217712e+01
-2.82494602e+01
-2.82768860e+01
-2.83040409e+01
-2.83309345e+01
-2.83575573e+01
-2.83839169e+01
-2.84100075e+01
-2.84358292e+01
-2.84613838e+01
-2.84866695e+01
-2.85116863e+01
-2.85364323e+01
-2.85609131e+01
-2.85851231e+01
-2.86090641e+01
-2.86327381e+01
-2.86561375e+01
-2.86792717e+01
-2.87021351e+01
-2.87247276e+01
-2.87470474e+01
-2.87691002e+01
-2.87908783e+01
-2.88123837e+01
-2.88336220e+01
-2.88545856e+01
-2.88752785e+01
-2.88956985e+01
-2.89158478e+01
-2.89357262e+01
-2.89553261e+01
-2.89746571e+01
-2.89937153e+01
-2.90125027e+01
-2.90310154e+01
-2.90492516e+01
-2.90672169e+01
-2.90849056e+01
-2.91023197e+01
-2.91194630e+01
-2.91363316e+01
-2.91529236e+01
-2.91692410e+01
-2.91852856e+01
-2.92010536e+01
-2.92165489e+01
-2.92317677e+01
-2.92467098e+01
-2.92613754e+01
-2.92757664e+01
-2.92898846e+01
-2.93037224e+01
-2.93172874e+01
-2.93305740e+01
-2.93435860e+01
-2.93563213e+01
-2.93687801e+01
-2.93809605e+01
-2.93928661e+01
-2.94044933e+01
-2.94158440e+01
-2.94269180e+01
-2.94377136e+01
-2.94482327e+01
-2.94584751e+01
-2.94684372e+01
-2.94781246e+01
-2.94875355e+01
-2.94966660e+01
-2.95055180e+01
-2.95140915e+01
-2.95223885e+01
-2.95304050e+01
-2.95381489e+01
-2.95456085e+01
-2.95527954e+01
-2.95596981e+01
-2.95663261e+01
-2.95726738e+01
-2.95787449e+01
-2.95845356e+01
-2.95900497e+01
-2.95952835e+01
-2.96002369e+01
-2.96049137e+01
-2.96093082e+01
-2.96134243e+01
-2.96172657e+01
-2.96208248e+01
-2.96241055e+01
-2.96271038e+01
-2.96298294e+01
-2.96322708e+01
-2.96344357e+01
-2.96363220e+01
-2.96379280e+01
-2.96392555e+01
-2.96403027e+01
-2.96410694e+01
-2.96415596e+01
-2.96417694e+01
-2.96416988e+01
-2.96413498e+01
-2.96407204e+01
-2.96398125e+01
-2.96386261e+01
-2.96371593e+01
-2.96354141e+01
-2.96333904e+01
-2.96310844e+01
-2.96285038e+01
-2.96256428e+01
-2.96224995e+01
-2.96190796e+01
-2.96153812e+01
-2.96114025e+01
-2.96071434e+01
-2.96026077e+01
-2.95977936e+01
-2.95926991e+01
-2.95873260e+01
-2.95816746e+01
-2.95757446e+01
-2.95695343e+01
-2.95630493e+01
-2.95562820e+01
-2.95492382e+01
-2.95419159e+01
-2.95343132e+01
-2.95264339e+01
-2.95182762e+01
-2.95098381e+01
-2.95011272e+01
-2.94921360e+01
-2.94828663e+01
-2.94733181e+01
-2.94634933e+01
-2.94533882e+01
-2.94430084e+01
-2.94323521e+01
-2.94214172e+01
-2.94102039e+01
-2.93987122e+01
-2.93869495e+01
-2.93749065e+01
-2.93625851e+01
-2.93499908e+01
-2.93371181e+01
-2.93239670e+01
-2.93105412e+01
-2.92968369e+01
-2.92828636e+01
-2.92686100e+01
-2.92540779e+01
-2.92392731e+01
-2.92241936e+01
-2.92088375e+01
-2.91932030e+01
-2.91772995e+01
-2.91611176e+01
-2.91446629e+01
-2.91279316e+01
-2.91109276e+01
-2.90936470e+01
-2.90760956e+01
-2.90582676e+01
-2.90401669e+01
-2.90217896e+01
-2.90031433e+01
-2.89842243e+01
-2.89650288e+01
-2.89455624e+01
-2.89258232e+01
-2.89058094e+01
-2.88855247e+01
-2.88649693e+01
-2.88441391e+01
-2.88230362e+01
-2.88016644e+01
-2.87800198e+01
-2.87581081e+01
-2.87359238e+01
-2.87134666e+01
-2.86907387e+01
-2.86677418e+01
-2.86444740e+01
-2.86209373e+01
-2.85971298e+01
-2.85730534e+01
-2.85487061e+01
-2.85240936e+01
-2.84992104e+01
-2.84740582e+01
-2.84486389e+01
-2.84229527e+01
-2.83969936e+01
-2.83707714e+01
-2.83442783e+01
-2.83175240e+01
-2.82905006e+01
-2.82632084e+01
-2.82356491e+01
-2.82078285e+01
-2.81797371e+01
-2.81513844e+01
-2.81227646e+01
-2.80938778e+01
-2.80647297e+01
-2.80353146e+01
-2.80056381e+01
-2.79756966e+01
-2.79454880e+01
-2.79150238e+01
-2.78842907e+01
-2.78532963e+01
-2.78220406e+01
-2.77905197e+01
-2.77587395e+01
-2.77266941e+01
-2.76943893e+01
-2.76618290e+01
-2.76290035e+01
-2.75959187e+01
-2.75625725e+01
-2.75289650e+01
-2.74951000e+01
-2.74609776e+01
-2.74265938e+01
-2.73919544e+01
-2.73570557e+01
-2.73219013e+01
-2.72864876e+01
-2.72508183e+01
-2.72148876e+01
-2.71787033e+01
-2.71422653e+01
-2.71055679e+01
-2.70686169e+01
-2.70314102e+01
-2.69939480e+01
-2.69562340e+01
-2.69182644e+01
-2.68800430e+01
-2.68415680e+01
-2.68028336e+01
-2.67638531e+01
-2.67246189e+01
-2.66851330e+01
-2.66453953e+01
-2.66054096e+01
-2.65651703e+01
-2.65246830e+01
-2.64839439e+01
-2.64429531e+01
-2.64017181e+01
-2.63602295e+01
-2.63184948e+01
-2.62765102e+01
-2.62342815e+01
-2.61918030e+01
-2.61490822e+01
-2.61061115e+01
-2.60628948e+01
-2.60194340e+01
-2.59757271e+01
-2.59317760e+01
-2.58875809e+01
-2.58431396e+01
-2.57984524e+01
-2.57535267e+01
-2.57083588e+01
-2.56629467e+01
-2.56172924e+01
-2.55713978e+01
-2.55252609e+01
-2.54788857e+01
-2.54322701e+01
-2.53854141e+01
-2.53383198e+01
-2.52909870e+01
-2.52434158e+01
-2.51956062e+01
-2.51475582e+01
-2.50992737e+01
-2.50507545e+01
-2.50019989e+01
-2.49530029e+01
-2.49037781e+01
-2.48543167e+01
-2.48046207e+01
-2.47546902e+01
-2.47045269e+01
-2.46541309e+01
-2.46035061e+01
-2.45526466e+01
-2.45015564e+01
-2.44502335e+01
-2.43986816e+01
-2.43468971e+01
-2.42948856e+01
-2.42426434e+01
-2.41901779e+01
-2.41374817e+01
-2.40845566e+01
-2.40314045e+01
-2.39780273e+01
-2.39244232e+01
-2.38705959e+01
-2.38165398e+01
-2.37622643e+01
-2.37077618e+01
-2.36530342e+01
-2.35980892e+01
-2.35429173e+01
-2.34875240e+01
-2.34319115e+01
-2.33760777e+01
-2.33200226e+01
-2.32637482e+01
-2.32072544e+01
-2.31505451e+01
-2.30936127e+01
-2.30364647e+01
-2.29790993e+01
-2.29215202e+01
-2.28637218e+01
-2.28057098e+01
-2.27474823e+01
-2.26890392e+01
-2.26303844e+01
-2.25715160e+01
-2.25124340e+01
-2.24531403e+01
-2.23936348e+01
-2.23339176e+01
-2.22739906e+01
-2.22138557e+01
-2.21535110e+01
-2.20929565e+01
-2.20321922e+01
-2.19712219e+01
-2.19100437e+01
-2.18486595e+01
-2.17870712e+01
-2.17252789e+01
-2.16632786e+01
-2.16010723e+01
-2.15386658e+01
-2.14760571e+01
-2.14132442e+01
-2.13502293e+01
-2.12870140e+01
-2.12235985e+01
-2.11599846e+01
-2.10961685e+01
-2.10321560e+01
-2.09679451e+01
-2.09035339e+01
-2.08389263e+01
-2.07741241e+01
-2.07091255e+01
-2.06439323e+01
-2.05785427e+01
-2.05129623e+01
-2.04471855e+01
-2.03812180e+01
-2.03150597e+01
-2.02487068e+01
-2.01821632e+01
-2.01154308e+01
-2.00485096e+01
-1.99813995e+01
-1.99141006e+01
-1.98466148e+01
-1.97789402e+01
-1.97110806e+01
-1.96430359e+01
-1.95748062e+01
-1.95063896e+01
-1.94377899e+01
-1.93690071e+01
-1.93000450e+01
-1.92308979e+01
-1.91615696e+01
-1.90920639e+01
-1.90223732e+01
-1.89525051e+01
-1.88824615e+01
-1.88122368e+01
-1.87418346e+01
-1.86712570e+01
-1.86005039e+01
-1.85295753e+01
-1.84584732e+01
-1.83871956e+01
-1.83157444e+01
-1.82441216e+01
-1.81723270e+01
-1.81003628e+01
-1.80282249e+01
-1.79559193e+01
-1.78834438e+01
-1.78107986e+01
-1.77379875e+01
-1.76650085e+01
-1.75918617e+01
-1.75185509e+01
-1.74450741e+01
-1.73714352e+01
-1.72976303e+01
-1.72236633e+01
-1.71495342e+01
-1.70752411e+01
-1.70007915e+01
-1.69261799e+01
-1.68514080e+01
-1.67764759e+01
-1.67013893e+01
-1.66261444e+01
-1.65507393e+01
-1.64751816e+01
-1.63994675e+01
-1.63235989e+01
-1.62475777e+01
-1.61714039e+01
-1.60950756e+01
-1.60185966e+01
-1.59419670e+01
-1.58651867e+01
-1.57882586e+01
-1.57111797e+01
-1.56339540e+01
-1.55565805e+01
-1.54790602e+01
-1.54013939e+01
-1.53235817e+01
-1.52456255e+01
-1.51675272e+01
-1.50892849e+01
-1.50109005e+01
-1.49323759e+01
-1.48537092e+01
-1.47749033e+01
-1.46959572e+01
-1.46168728e+01
-1.45376501e+01
-1.44582920e+01
-1.43787975e+01
-1.42991676e+01
-1.42194023e+01
-1.41395035e+01
-1.40594730e+01
-1.39793081e+01
-1.38990107e+01
-1.38185844e+01
-1.37380257e+01
-1.36573391e+01
-1.35765228e+01
-1.34955788e+01
-1.34145088e+01
-1.33333111e+01
-1.32519884e+01
-1.31705418e+01
-1.30889711e+01
-1.30072756e+01
-1.29254580e+01
-1.28435183e+01
-1.27614565e+01
-1.26792765e+01
-1.25969772e+01
-1.25145578e+01
-1.24320221e+01
-1.23493681e+01
-1.22665977e+01
-1.21837130e+01
-1.21007118e+01
-1.20175972e+01
-1.19343700e+01
-1.18510303e+01
-1.17675781e+01
-1.16840153e+01
-1.16003428e+01
-1.15165606e+01
-1.14326706e+01
-1.13486710e+01
-1.12645664e+01
-1.11803560e+01
-1.10960388e+01
-1.10116177e+01
-1.09270926e+01
-1.08424644e+01
-1.07577353e+01
-1.06729031e+01
-1.05879717e+01
-1.05029402e+01
-1.04178095e+01
-1.03325806e+01
-1.02472544e+01
-1.01618319e+01
-1.00763140e+01
-9.99070072e+00
-9.90499306e+00
-9.81919193e+00
-9.73329830e+00
-9.64731312e+00
-9.56123829e+00
-9.47507191e+00
-9.38881683e+00
-9.30247307e+00
-9.21604156e+00
-9.12952232e+00
-9.04291916e+00
-8.95623016e+00
-8.86945629e+00
-8.78259754e+00
-8.69565868e+00
-8.60863590e+00
-8.52153301e+00
-8.43435001e+00
-8.34708691e+00
-8.25974560e+00
-8.17232609e+00
-8.08482933e+00
-7.99725628e+00
-7.90960836e+00
-7.82188702e+00
-7.73409128e+00
-7.64622211e+00
-7.55828094e+00
-7.47026920e+00
-7.38218594e+00
-7.29403448e+00
-7.20581341e+00
-7.11752462e+00
-7.02916908e+00
-6.94074678e+00
-6.85225916e+00
-6.76370764e+00
-6.67509174e+00
-6.58641338e+00
-6.49767256e+00
-6.40887117e+00
-6.32000828e+00
-6.23108625e+00
-6.14210606e+00
-6.05306816e+00
-5.96397209e+00
-5.87482119e+00
-5.78561401e+00
-5.69635296e+00
-5.60703802e+00
-5.51766968e+00
-5.42824984e+00
-5.33877897e+00
-5.24925756e+00
-5.15968657e+00
-5.07006693e+00
-4.98039961e+00
-4.89068556e+00
-4.80092525e+00
-4.71112013e+00
-4.62127018e+00
-4.53137684e+00
-4.44144058e+00
-4.35146332e+00
-4.26144409e+00
-4.17138481e+00
-4.08128691e+00
-3.99114990e+00
-3.90097570e+00
-3.81076431e+00
-3.72051716e+00
-3.63023520e+00
-3.53991914e+00
-3.44956946e+00
-3.35918736e+00
-3.26877356e+00
-3.17832899e+00
-3.08785439e+00
-2.99735069e+00
-2.90681887e+00
-2.81625938e+00
-2.72567368e+00
-2.63506222e+00
-2.54442573e+00
-2.45376539e+00
-2.36308217e+00
-2.27237654e+00
-2.18164945e+00
-2.09090161e+00
-2.00013447e+00
-1.90934837e+00
-1.81854415e+00
-1.72772288e+00
-1.63688529e+00
-1.54603231e+00
-1.45516479e+00
-1.36428356e+00
-1.27338946e+00
-1.18248320e+00
-1.09156597e+00
-1.00063837e+00
-9.09701467e-01
-8.18755925e-01
-7.27802694e-01
-6.36842549e-01
-5.45876503e-01
-4.54906285e-01
-3.63948911e-01
-2.73169249e-01
-1.83639243e-01
-9.95886996e-02
-2.91127302e-02
2.91127302e-02
9.95886996e-02
