-1.77221260e+01
-5.75596523e+00
5.75596523e+00
1.77221260e+01
3.06705761e+01
4.45058975e+01
5.88631096e+01
7.34448395e+01
8.81008682e+01
1.02775978e+02
1.17454453e+02
1.32132584e+02
1.46809586e+02
1.61485229e+02
1.76159348e+02
1.90831787e+02
2.05502426e+02
2.20171127e+02
2.34837784e+02
2.49502213e+02
2.64164307e+02
2.78823883e+02
2.93480835e+02
3.08135071e+02
3.22786346e+02
3.37434601e+02
3.52079681e+02
3.66721436e+02
3.81359711e+02
3.95994476e+02
4.10625427e+02
4.25252533e+02
4.39875641e+02
4.54494598e+02
4.69109283e+02
4.83719543e+02
4.98325256e+02
5.12926208e+02
5.27522400e+02
5.42113586e+02
5.56699768e+02
5.71280640e+02
5.85856018e+02
6.00426025e+02
6.14990295e+02
6.29548767e+02
6.44101318e+02
6.58647888e+02
6.73188110e+02
6.87722046e+02
7.02249512e+02
7.16770325e+02
7.31284424e+02
7.45791687e+02
7.60291931e+02
7.74784851e+02
7.89270569e+02
8.03748962e+02
8.18219666e+02
8.32682617e+02
8.47137817e+02
8.61584961e+02
8.76024048e+02
8.90454834e+02
9.04877319e+02
9.19291138e+02
9.33696289e+02
9.48092773e+02
9.62480347e+02
9.76858765e+02
9.91228027e+02
1.00558789e+03
1.01993823e+03
1.03427905e+03
1.04861011e+03
1.06293127e+03
1.07724231e+03
1.09154346e+03
1.10583423e+03
1.12011450e+03
1.13438428e+03
1.14864331e+03
1.16289160e+03
1.17712891e+03
1.19135522e+03
1.20557031e+03
1.21977393e+03
1.23396594e+03
1.24814636e+03
1.26231519e+03
1.27647192e+03
1.29061682e+03
1.30474939e+03
1.31886987e+03
1.33297791e+03
1.34707312e+03
1.36115601e+03
1.37522583e+03
1.38928271e+03
1.40332666e+03
1.41735718e+03
1.43137451e+03
1.44537817e+03
1.45936816e+03
1.47334460e+03
1.48730713e+03
1.50125586e+03
1.51519019e+03
1.52911011e+03
1.54301599e+03
1.55690698e+03
1.57078345e+03
1.58464526e+03
1.59849194e+03
1.61232373e+03
1.62614026e+03
1.63994141e+03
1.65372705e+03
1.66749707e+03
1.68125146e+03
1.69499011e+03
1.70871289e+03
1.72241943e+03
1.73610974e+03
1.74978369e+03
1.76344104e+03
1.77708179e+03
1.79070581e+03
1.80431311e+03
1.81790332e+03
1.83147644e+03
1.84503235e+03
1.85857080e+03
1.87209192e+03
1.88559509e+03
1.89908057e+03
1.91254810e+03
1.92599756e+03
1.93942920e+03
1.95284229e+03
1.96623718e+03
1.97961353e+03
1.99297107e+03
2.00631018e+03
2.01963013e+03
2.03293091e+03
2.04621277e+03
2.05947534e+03
2.07271851e+03
2.08594165e+03
2.09914575e+03
2.11233008e+03
2.12549438e+03
2.13863843e+03
2.15176270e+03
2.16486646e+03
2.17794971e+03
2.19101245e+03
2.20405469e+03
2.21707617e+03
2.23007690e+03
2.24305640e+03
2.25601465e+03
2.26895190e+03
2.28186768e+03
2.29476196e+03
2.30763477e+03
2.32048560e+03
2.33331470e+03
2.34612183e+03
2.35890698e+03
2.37166943e+03
2.38440991e+03
2.39712793e+03
2.40982349e+03
2.42249609e+03
2.43514575e+03
2.44777271e+03
2.46037646e+03
2.47295703e+03
2.48551440e+03
2.49804858e+03
2.51055884e+03
2.52304541e+03
2.53550854e+03
2.54794775e+03
2.56036279e+03
2.57275391e+03
2.58512036e+03
2.59746289e+03
2.60978076e+03
2.62207422e+03
2.63434277e+03
2.64658667e+03
2.65880566e+03
2.67099927e+03
2.68316772e+03
2.69531128e+03
2.70742920e+03
2.71952124e+03
2.73158838e+03
2.74362939e+03
2.75564478e+03
2.76763379e+03
2.77959692e+03
2.79153394e+03
2.80344458e+03
2.81532886e+03
2.82718677e+03
2.83901831e+03
2.85082251e+03
2.86260034e+03
2.87435083e+03
2.88607422e+03
2.89777026e+03
2.90943921e+03
2.92108081e+03
2.93269507e+03
2.94428125e+03
2.95583984e+03
2.96737085e+03
2.97887354e+03
2.99034839e+03
3.00179517e+03
3.01321362e+03
3.02460352e+03
3.03596509e+03
3.04729810e+03
3.05860205e+03
3.06987744e+03
3.08112402e+03
3.09234155e+03
3.10352954e+03
3.11468848e+03
3.12581787e+03
3.13691797e+03
3.14798877e+03
3.15902979e+03
3.17004126e+03
3.18102246e+03
3.19197388e+03
3.20289551e+03
3.21378613e+03
3.22464746e+03
3.23547803e+03
3.24627808e+03
3.25704736e+03
3.26778613e+03
3.27849390e+03
3.28917065e+03
3.29981689e+03
3.31043164e+03
3.32101562e+03
3.33156860e+03
3.34208984e+03
3.35257959e+03
3.36303760e+03
3.37346387e+03
3.38385840e+03
3.39422119e+03
3.40455176e+03
3.41485034e+03
3.42511646e+03
3.43535083e+03
3.44555273e+03
3.45572217e+03
3.46585889e+03
3.47596289e+03
3.48603442e+03
3.49607324e+03
3.50607861e+03
3.51605127e+03
3.52599048e+03
3.53589697e+03
3.54577002e+03
3.55560938e+03
3.56541553e+03
3.57518774e+03
3.58492676e+03
3.59463159e+03
3.60430273e+03
3.61393994e+03
3.62354321e+03
3.63311182e+03
3.64264648e+03
3.65214722e+03
3.66161304e+03
3.67104468e+03
3.68044165e+03
3.68980347e+03
3.69913086e+03
3.70842310e+03
3.71768066e+03
3.72690332e+03
3.73609082e+03
3.74524341e+03
3.75436060e+03
3.76344238e+03
3.77248877e+03
3.78149951e+03
3.79047461e+03
3.79941406e+03
3.80831787e+03
3.81718555e+03
3.82601733e+03
3.83481299e+03
3.84357178e+03
3.85229517e+03
3.86098267e+03
3.86963330e+03
3.87824707e+03
3.88682471e+03
3.89536597e+03
3.90387061e+03
3.91233789e+03
3.92076880e+03
3.92916235e+03
3.93751904e+03
3.94583862e+03
3.95412109e+03
3.96236646e+03
3.97057397e+03
3.97874438e+03
3.98687769e+03
3.99497339e+03
4.00303101e+03
4.01105078e+03
4.01903320e+03
4.02697754e+03
4.03488403e+03
4.04275244e+03
4.05058252e+03
4.05837500e+03
4.06612842e+03
4.07384424e+03
4.08152173e+03
4.08916040e+03
4.09676074e+03
4.10432227e+03
4.11184521e+03
4.11932959e+03
4.12677490e+03
4.13418164e+03
4.14154932e+03
4.14887793e+03
4.15616748e+03
4.16341797e+03
4.17062939e+03
4.17780127e+03
4.18493359e+03
4.19202686e+03
4.19908057e+03
4.20609473e+03
4.21306885e+03
4.22000342e+03
4.22689795e+03
4.23375293e+03
4.24056787e+03
4.24734326e+03
4.25407910e+03
4.26077393e+03
4.26742920e+03
4.27404395e+03
4.28061865e+03
4.28715234e+03
4.29364648e+03
4.30009961e+03
4.30651221e+03
4.31288477e+03
4.31921680e+03
4.32550732e+03
4.33175781e+03
4.33796729e+03
4.34413574e+03
4.35026270e+03
4.35634961e+03
4.36239502e+03
4.36839941e+03
4.37436328e+03
4.38028516e+03
4.38616602e+03
4.39200586e+03
4.39780420e+03
4.40356055e+03
4.40927588e+03
4.41494922e+03
4.42058105e+03
4.42617139e+03
4.43172021e+03
4.43722754e+03
4.44269238e+03
4.44811621e+03
4.45349707e+03
4.45883643e+03
4.46413379e+03
4.46938916e+03
4.47460254e+03
4.47977344e+03
4.48490283e+03
4.48998975e+03
4.49503369e+03
4.50003564e+03
4.50499512e+03
4.50991211e+03
4.51478711e+03
4.51961865e+03
4.52440820e+03
4.52915527e+03
4.53385889e+03
4.53852051e+03
4.54313965e+03
4.54771533e+03
4.55224854e+03
4.55673877e+03
4.56118604e+03
4.56559033e+03
4.56995166e+03
4.57426953e+03
4.57854492e+03
4.58277686e+03
4.58696533e+03
4.59111133e+03
4.59521387e+03
4.59927246e+03
4.60328857e+03
4.60726123e+03
4.61118945e+03
4.61507520e+03
4.61891699e+03
4.62271533e+03
4.62647070e+03
4.63018262e+03
4.63385010e+03
4.63747363e+03
4.64105420e+03
4.64459082e+03
4.64808398e+03
4.65153271e+03
4.65493848e+03
4.65829980e+03
4.66161719e+03
4.66489062e+03
4.66812012e+03
4.67130615e+03
4.67444775e+03
4.67754541e+03
4.68059912e+03
4.68360791e+03
4.68657373e+03
4.68949512e+03
4.69237207e+03
4.69520508e+03
4.69799316e+03
4.70073730e+03
4.70343750e+03
4.70609277e+03
4.70870459e+03
4.71127148e+03
4.71379395e+03
4.71627246e+03
4.71870605e+03
4.72109570e+03
4.72344043e+03
4.72574023e+03
4.72799609e+03
4.73020752e+03
4.73237354e+03
4.73449561e+03
4.73657324e+03
4.73860645e+03
4.74059473e+03
4.74253809e+03
4.74443701e+03
4.74629150e+03
4.74810107e+03
4.74986572e+03
4.75158545e+03
4.75326025e+03
4.75489062e+03
4.75647656e+03
4.75801807e+03
4.75951367e+03
4.76096436e+03
4.76237012e+03
4.76373193e+03
4.76504834e+03
4.76632031e+03
4.76754736e+03
4.76872900e+03
4.76986621e+03
4.77095801e+03
4.77200439e+03
4.77300635e+03
4.77396338e+03
4.77487598e+03
4.77574268e+03
4.77656494e+03
4.77734180e+03
4.77807422e+03
4.77876123e+03
4.77940332e+03
4.78000049e+03
4.78055225e+03
4.78105908e+03
4.78152148e+03
4.78193848e+03
4.78231006e+03
4.78263672e+03
4.78291797e+03
4.78315527e+03
4.78334668e+03
4.78349268e+03
4.78359424e+03
4.78365039e+03
4.78366162e+03
4.78362793e+03
4.78354932e+03
4.78342578e+03
4.78325586e+03
4.78304150e+03
4.78278320e+03
4.78247852e+03
4.78212891e+03
4.78173486e+03
4.78129590e+03
4.78081152e+03
4.78028223e+03
4.77970752e+03
4.77908789e+03
4.77842334e+03
4.77771387e+03
4.77695898e+03
4.77615967e+03
4.77531494e+03
4.77442529e+03
4.77349072e+03
4.77251074e+03
4.77148633e+03
4.77041699e+03
4.76930273e+03
4.76814355e+03
4.76693945e+03
4.76568994e+03
4.76439600e+03
4.76305713e+03
4.76167285e+03
4.76024414e+03
4.75877051e+03
4.75725244e+03
4.75568945e+03
4.75408105e+03
4.75242822e+03
4.75073096e+03
4.74898877e+03
4.74720117e+03
4.74536963e+03
4.74349316e+03
4.74157178e+03
4.73960596e+03
4.73759521e+03
4.73554053e+03
4.73344043e+03
4.73129590e+03
4.72910742e+03
4.72687402e+03
4.72459570e+03
4.72227295e+03
4.71990576e+03
4.71749463e+03
4.71503857e+03
4.71253809e+03
4.70999316e+03
4.70740381e+03
4.70477002e+03
4.70209229e+03
4.69937061e+03
4.69660449e+03
4.69379395e+03
4.69093896e+03
4.68804004e+03
4.68509668e+03
4.68210938e+03
4.67907764e+03
4.67600244e+03
4.67288281e+03
4.66971924e+03
4.66651123e+03
4.66325928e+03
4.65996387e+03
4.65662402e+03
4.65324072e+03
4.64981396e+03
4.64634277e+03
4.64282812e+03
4.63927002e+03
4.63566748e+03
4.63202148e+03
4.62833154e+03
4.62459863e+03
4.62082227e+03
4.61700195e+03
4.61313770e+03
4.60923047e+03
4.60528027e+03
4.60128613e+03
4.59724902e+03
4.59316797e+03
4.58904395e+03
4.58487646e+03
4.58066602e+03
4.57641260e+03
4.57211621e+03
4.56777637e+03
4.56339404e+03
4.55896826e+03
4.55449951e+03
4.54998730e+03
4.54543311e+03
4.54083545e+03
4.53619580e+03
4.53151270e+03
4.52678711e+03
4.52201904e+03
4.51720850e+03
4.51235498e+03
4.50745898e+03
4.50252051e+03
4.49753955e+03
4.49251660e+03
4.48745117e+03
4.48234326e+03
4.47719336e+03
4.47200146e+03
4.46676660e+03
4.46149023e+03
4.45617188e+03
4.45081152e+03
4.44540918e+03
4.43996533e+03
4.43447900e+03
4.42895117e+03
4.42338135e+03
4.41777051e+03
4.41211768e+03
4.40642285e+03
4.40068701e+03
4.39490967e+03
4.38909131e+03
4.38323096e+03
4.37732959e+03
4.37138721e+03
4.36540283e+03
4.35937793e+03
4.35331201e+03
4.34720459e+03
4.34105664e+03
4.33486768e+03
4.32863818e+03
4.32236719e+03
4.31605566e+03
4.30970410e+03
4.30331152e+03
4.29687842e+03
4.29040479e+03
4.28389111e+03
4.27733691e+03
4.27074170e+03
4.26410693e+03
4.25743164e+03
4.25071631e+03
4.24396094e+03
4.23716602e+03
4.23033105e+03
4.22345605e+03
4.21654102e+03
4.20958643e+03
4.20259229e+03
4.19555859e+03
4.18848535e+03
4.18137256e+03
4.17422021e+03
4.16702881e+03
4.15979834e+03
4.15252832e+03
4.14521924e+03
4.13787109e+03
4.13048389e+03
4.12305762e+03
4.11559277e+03
4.10808887e+03
4.10054639e+03
4.09296533e+03
4.08534595e+03
4.07768799e+03
4.06999170e+03
4.06225659e+03
4.05448340e+03
4.04667212e+03
4.03882275e+03
4.03093530e+03
4.02301001e+03
4.01504639e+03
4.00704565e+03
3.99900684e+03
3.99093042e+03
3.98281641e+03
3.97466504e+03
3.96647559e+03
3.95824878e+03
3.94998462e+03
3.94168359e+03
3.93334546e+03
3.92497070e+03
3.91655835e+03
3.90810913e+03
3.89962305e+03
3.89110034e+03
3.88254102e+03
3.87394507e+03
3.86531299e+03
3.85664404e+03
3.84793896e+03
3.83919702e+03
3.83041895e+03
3.82160547e+03
3.81275586e+03
3.80386987e+03
3.79494873e+03
3.78599170e+03
3.77699878e+03
3.76797046e+03
3.75890625e+03
3.74980713e+03
3.74067212e+03
3.73150244e+03
3.72229761e+03
3.71305713e+03
3.70378149e+03
3.69447144e+03
3.68512671e+03
3.67574731e+03
3.66633301e+03
3.65688477e+03
3.64740137e+03
3.63788354e+03
3.62833179e+03
3.61874561e+03
3.60912549e+03
3.59947144e+03
3.58978296e+03
3.58006128e+03
3.57030591e+03
3.56051660e+03
3.55069385e+03
3.54083740e+03
3.53094775e+03
3.52102515e+03
3.51106885e+03
3.50107959e+03
3.49105737e+03
3.48100244e+03
3.47091504e+03
3.46079443e+03
3.45064136e+03
3.44045581e+03
3.43023779e+03
3.41998755e+03
3.40970508e+03
3.39939038e+03
3.38904346e+03
3.37866479e+03
3.36825464e+03
3.35781250e+03
3.34733813e+03
3.33683276e+03
3.32629614e+03
3.31572778e+03
3.30512842e+03
3.29449805e+03
3.28383667e+03
3.27314429e+03
3.26242090e+03
3.25166650e+03
3.24088184e+03
3.23006641e+03
3.21922095e+03
3.20834473e+03
3.19743848e+03
3.18650220e+03
3.17553564e+03
3.16453955e+03
3.15351318e+03
3.14245776e+03
3.13137207e+03
3.12025684e+03
3.10911279e+03
3.09793896e+03
3.08673657e+03
3.07550439e+03
3.06424316e+03
3.05295361e+03
3.04163477e+03
3.03028784e+03
3.01891235e+03
3.00750781e+03
2.99607520e+03
2.98461450e+03
2.97312573e+03
2.96160889e+03
2.95006396e+03
2.93849170e+03
2.92689136e+03
2.91526343e+03
2.90360791e+03
2.89192554e+03
2.88021558e+03
2.86847852e+03
2.85671460e+03
2.84492358e+03
2.83310596e+03
2.82126147e+03
2.80939038e+03
2.79749268e+03
2.78556860e+03
2.77361865e+03
2.76164233e+03
2.74964014e+03
2.73761230e+03
2.72555811e+03
2.71347827e+03
2.70137354e+03
2.68924268e+03
2.67708691e+03
2.66490552e+03
2.65269922e+03
2.64046777e+03
2.62821167e+03
2.61593066e+03
2.60362500e+03
2.59129492e+03
2.57894043e+03
2.56656152e+03
2.55415869e+03
2.54173120e+03
2.52928003e+03
2.51680542e+03
2.50430664e+03
2.49178442e+03
2.47923877e+03
2.46666992e+03
2.45407764e+03
2.44146240e+03
2.42882373e+03
2.41616235e+03
2.40347827e+03
2.39077197e+03
2.37804272e+03
2.36529102e+03
2.35251733e+03
2.33972119e+03
2.32690308e+03
2.31406299e+03
2.30120117e+03
2.28831763e+03
2.27541284e+03
2.26248608e+03
2.24953833e+03
2.23656934e+03
2.22357935e+03
2.21056836e+03
2.19753638e+03
2.18448389e+03
2.17141064e+03
2.15831689e+03
2.14520312e+03
2.13206885e+03
2.11891455e+03
2.10574072e+03
2.09254663e+03
2.07933276e+03
2.06609961e+03
2.05284668e+03
2.03957446e+03
2.02628296e+03
2.01297278e+03
1.99964319e+03
1.98629480e+03
1.97292773e+03
1.95954224e+03
1.94613843e+03
1.93271594e+03
1.91927551e+03
1.90581689e+03
1.89234021e+03
1.87884558e+03
1.86533337e+03
1.85180396e+03
1.83825671e+03
1.82469238e+03
1.81111072e+03
1.79751184e+03
1.78389612e+03
1.77026379e+03
1.75661438e+03
1.74294873e+03
1.72926660e+03
1.71556824e+03
1.70185376e+03
1.68812317e+03
1.67437659e+03
1.66061414e+03
1.64683618e+03
1.63304272e+03
1.61923389e+03
1.60540967e+03
1.59157043e+03
1.57771631e+03
1.56384717e+03
1.54996338e+03
1.53606506e+03
1.52215234e+03
1.50822485e+03
1.49428333e+03
1.48032764e+03
1.46635828e+03
1.45237500e+03
1.43837805e+03
1.42436743e+03
1.41034363e+03
1.39630640e+03
1.38225610e+03
1.36819263e+03
1.35411633e+03
1.34002722e+03
1.32592554e+03
1.31181152e+03
1.29768494e+03
1.28354626e+03
1.26939526e+03
1.25523242e+03
1.24105774e+03
1.22687134e+03
1.21267358e+03
1.19846423e+03
1.18424353e+03
1.17001184e+03
1.15576904e+03
1.14151538e+03
1.12725098e+03
1.11297595e+03
1.09869043e+03
1.08439453e+03
1.07008838e+03
1.05577209e+03
1.04144592e+03
1.02711011e+03
1.01276434e+03
9.98409302e+02
9.84044678e+02
9.69670898e+02
9.55287842e+02
9.40895813e+02
9.26495056e+02
9.12085449e+02
8.97667358e+02
8.83240662e+02
8.68805786e+02
8.54362549e+02
8.39911316e+02
8.25452209e+02
8.10985352e+02
7.96510864e+02
7.82028809e+02
7.67539551e+02
7.53042908e+02
7.38539124e+02
7.24028442e+02
7.09510986e+02
6.94986816e+02
6.80456055e+02
6.65918884e+02
6.51375549e+02
6.36826050e+02
6.22270508e+02
6.07709045e+02
5.93141846e+02
5.78569092e+02
5.63990967e+02
5.49407471e+02
5.34818848e+02
5.20225159e+02
5.05626495e+02
4.91023132e+02
4.76415161e+02
4.61802673e+02
4.47185791e+02
4.32564758e+02
4.17939606e+02
4.03310547e+02
3.88677673e+02
3.74041138e+02
3.59401093e+02
3.44757660e+02
3.30110962e+02
3.15461182e+02
3.00808441e+02
2.86152863e+02
2.71494568e+02
2.56833710e+02
2.42170425e+02
2.27504852e+02
2.12837173e+02
1.98167465e+02
1.83495911e+02
1.68822617e+02
1.54147736e+02
1.39471390e+02
1.24793732e+02
1.10114899e+02
9.54350281e+01
8.07542648e+01
6.60727310e+01
5.13905792e+01
3.67079391e+01
2.20249596e+01
7.34177113e+00
-7.34148693e+00
-2.20246773e+01
-3.67076607e+01
-5.13902931e+01
-6.60724487e+01
-8.07539673e+01
-9.54347382e+01
-1.10114609e+02
-1.24793442e+02
-1.39471100e+02
-1.54147461e+02
-1.68822342e+02
-1.83495621e+02
-1.98167191e+02
-2.12836884e+02
-2.27504593e+02
-2.42170151e+02
-2.56833435e+02
-2.71494293e+02
-2.86152588e+02
-3.00808228e+02
-3.15460968e+02
-3.30110748e+02
-3.44757446e+02
-3.59400848e+02
-3.74040894e+02
-3.88677429e+02
-4.03310303e+02
-4.17939392e+02
-4.32564545e+02
-4.47185577e+02
-4.61802429e+02
-4.76414856e+02
-4.91022858e+02
-5.05626190e+02
-5.20224792e+02
-5.34818542e+02
-5.49407166e+02
-5.63990601e+02
-5.78568787e+02
-5.93141602e+02
-6.07708740e+02
-6.22270142e+02
-6.36825684e+02
-6.51375244e+02
-6.65918701e+02
-6.80455750e+02
-6.94986450e+02
-7.09510620e+02
-7.24028198e+02
-7.38538818e+02
-7.53042603e+02
-7.67539185e+02
-7.82028625e+02
-7.96510681e+02
-8.10985168e+02
-8.25452087e+02
-8.39911133e+02
-8.54362305e+02
-8.68805481e+02
-8.83240417e+02
-8.97666931e+02
-9.12085205e+02
-9.26494690e+02
-9.40895630e+02
-9.55287476e+02
-9.69670593e+02
-9.84044495e+02
-9.98409058e+02
-1.01276410e+03
-1.02710974e+03
-1.04144568e+03
-1.05577173e+03
-1.07008801e+03
-1.08439417e+03
-1.09869006e+03
-1.11297559e+03
-1.12725061e+03
-1.14151514e+03
-1.15576880e+03
-1.17001147e+03
-1.18424316e+03
-1.19846387e+03
-1.21267322e+03
-1.22687109e+03
-1.24105750e+03
-1.25523218e+03
-1.26939502e+03
-1.28354578e+03
-1.29768469e+03
-1.31181116e+03
-1.32592529e+03
-1.34002710e+03
-1.35411609e+03
-1.36819226e+03
-1.38225574e+03
-1.39630615e+03
-1.41034338e+03
-1.42436719e+03
-1.43837769e+03
-1.45237463e+03
-1.46635803e+03
-1.48032764e+03
-1.49428320e+03
-1.50822449e+03
-1.52215186e+03
-1.53606482e+03
-1.54996326e+03
-1.56384705e+03
-1.57771619e+03
-1.59157031e+03
-1.60540942e+03
-1.61923352e+03
-1.63304224e+03
-1.64683582e+03
-1.66061377e+03
-1.67437622e+03
-1.68812280e+03
-1.70185339e+03
-1.71556775e+03
-1.72926611e+03
-1.74294836e+03
-1.75661414e+03
-1.77026331e+03
-1.78389587e+03
-1.79751160e+03
-1.81111047e+03
-1.82469214e+03
-1.83825647e+03
-1.85180359e+03
-1.86533325e+03
-1.87884546e+03
-1.89233984e+03
-1.90581641e+03
-1.91927502e+03
-1.93271558e+03
-1.94613794e+03
-1.95954199e+03
-1.97292761e+03
-1.98629456e+03
-1.99964282e+03
-2.01297229e+03
-2.02628271e+03
-2.03957410e+03
-2.05284644e+03
-2.06609912e+03
-2.07933252e+03
-2.09254614e+03
-2.10574023e+03
-2.11891455e+03
-2.13206885e+03
-2.14520288e+03
-2.15831665e+03
-2.17141040e+03
-2.18448364e+03
-2.19753613e+03
-2.21056787e+03
-2.22357886e+03
-2.23656909e+03
-2.24953809e+03
-2.26248608e+03
-2.27541235e+03
-2.28831738e+03
-2.30120093e+03
-2.31406299e+03
-2.32690283e+03
-2.33972070e+03
-2.35251709e+03
-2.36529077e+03
-2.37804248e+03
-2.39077173e+03
-2.40347827e+03
-2.41616235e+03
-2.42882349e+03
-2.44146216e+03
-2.45407764e+03
-2.46666992e+03
-2.47923877e+03
-2.49178442e+03
-2.50430664e+03
-2.51680493e+03
-2.52927979e+03
-2.54173120e+03
-2.55415796e+03
-2.56656128e+03
-2.57893994e+03
-2.59129443e+03
-2.60362500e+03
-2.61593066e+03
-2.62821143e+03
-2.64046753e+03
-2.65269897e+03
-2.66490552e+03
-2.67708667e+03
-2.68924243e+03
-2.70137329e+03
-2.71347827e+03
-2.72555811e+03
-2.73761230e+03
-2.74964014e+03
-2.76164233e+03
-2.77361865e+03
-2.78556860e+03
-2.79749268e+03
-2.80939014e+03
-2.82126099e+03
-2.83310547e+03
-2.84492310e+03
-2.85671411e+03
-2.86847827e+03
-2.88021533e+03
-2.89192505e+03
-2.90360791e+03
-2.91526343e+03
-2.92689136e+03
-2.93849146e+03
-2.95006396e+03
-2.96160889e+03
-2.97312573e+03
-2.98461450e+03
-2.99607520e+03
-3.00750757e+03
-3.01891187e+03
-3.03028735e+03
-3.04163452e+03
-3.05295337e+03
-3.06424316e+03
-3.07550415e+03
-3.08673608e+03
-3.09793896e+03
-3.10911279e+03
-3.12025684e+03
-3.13137183e+03
-3.14245728e+03
-3.15351294e+03
-3.16453906e+03
-3.17553564e+03
-3.18650171e+03
-3.19743848e+03
-3.20834448e+03
-3.21922070e+03
-3.23006641e+03
-3.24088184e+03
-3.25166626e+03
-3.26242041e+03
-3.27314404e+03
-3.28383643e+03
-3.29449805e+03
-3.30512842e+03
-3.31572778e+03
-3.32629614e+03
-3.33683276e+03
-3.34733813e+03
-3.35781226e+03
-3.36825415e+03
-3.37866479e+03
-3.38904346e+03
-3.39938965e+03
-3.40970459e+03
-3.41998730e+03
-3.43023779e+03
-3.44045557e+03
-3.45064136e+03
-3.46079443e+03
-3.47091504e+03
-3.48100244e+03
-3.49105737e+03
-3.50107959e+03
-3.51106885e+03
-3.52102515e+03
-3.53094775e+03
-3.54083740e+03
-3.55069385e+03
-3.56051660e+03
-3.57030591e+03
-3.58006128e+03
-3.58978296e+03
-3.59947144e+03
-3.60912549e+03
-3.61874561e+03
-3.62833179e+03
-3.63788354e+03
-3.64740137e+03
-3.65688477e+03
-3.66633301e+03
-3.67574731e+03
-3.68512671e+03
-3.69447144e+03
-3.70378149e+03
-3.71305713e+03
-3.72229761e+03
-3.73150244e+03
-3.74067212e+03
-3.74980713e+03
-3.75890625e+03
-3.76797046e+03
-3.77699878e+03
-3.78599170e+03
-3.79494873e+03
-3.80386987e+03
-3.81275586e+03
-3.82160547e+03
-3.83041895e+03
-3.83919653e+03
-3.84793823e+03
-3.85664331e+03
-3.86531201e+03
-3.87394434e+03
-3.88254053e+03
-3.89110010e+03
-3.89962256e+03
-3.90810864e+03
-3.91655762e+03
-3.92496997e+03
-3.93334521e+03
-3.94168359e+03
-3.94998462e+03
-3.95824829e+03
-3.96647485e+03
-3.97466431e+03
-3.98281567e+03
-3.99093018e+03
-3.99900659e+03
-4.00704541e+03
-4.01504639e+03
-4.02301001e+03
-4.03093530e+03
-4.03882275e+03
-4.04667212e+03
-4.05448340e+03
-4.06225635e+03
-4.06999121e+03
-4.07768750e+03
-4.08534570e+03
-4.09296533e+03
-4.10054639e+03
-4.10808887e+03
-4.11559277e+03
-4.12305762e+03
-4.13048389e+03
-4.13787109e+03
-4.14521875e+03
-4.15252734e+03
-4.15979736e+03
-4.16702832e+03
-4.17422021e+03
-4.18137207e+03
-4.18848486e+03
-4.19555811e+03
-4.20259229e+03
-4.20958643e+03
-4.21654102e+03
-4.22345605e+03
-4.23033105e+03
-4.23716602e+03
-4.24396094e+03
-4.25071631e+03
-4.25743164e+03
-4.26410645e+03
-4.27074121e+03
-4.27733594e+03
-4.28389014e+03
-4.29040479e+03
-4.29687842e+03
-4.30331152e+03
-4.30970410e+03
-4.31605566e+03
-4.32236719e+03
-4.32863818e+03
-4.33486768e+03
-4.34105664e+03
-4.34720459e+03
-4.35331201e+03
-4.35937793e+03
-4.36540283e+03
-4.37138672e+03
-4.37732910e+03
-4.38323047e+03
-4.38909082e+03
-4.39490967e+03
-4.40068701e+03
-4.40642285e+03
-4.41211768e+03
-4.41777051e+03
-4.42338135e+03
-4.42895117e+03
-4.43447852e+03
-4.43996484e+03
-4.44540869e+03
-4.45081104e+03
-4.45617139e+03
-4.46149023e+03
-4.46676660e+03
-4.47200146e+03
-4.47719336e+03
-4.48234326e+03
-4.48745117e+03
-4.49251660e+03
-4.49753955e+03
-4.50252051e+03
-4.50745898e+03
-4.51235498e+03
-4.51720850e+03
-4.52201904e+03
-4.52678711e+03
-4.53151270e+03
-4.53619580e+03
-4.54083545e+03
-4.54543311e+03
-4.54998730e+03
-4.55449902e+03
-4.55896777e+03
-4.56339355e+03
-4.56777637e+03
-4.57211621e+03
-4.57641260e+03
-4.58066602e+03
-4.58487646e+03
-4.58904395e+03
-4.59316797e+03
-4.59724902e+03
-4.60128613e+03
-4.60528027e+03
-4.60923047e+03
-4.61313770e+03
-4.61700098e+03
-4.62082129e+03
-4.62459863e+03
-4.62833154e+03
-4.63202148e+03
-4.63566748e+03
-4.63927002e+03
-4.64282812e+03
-4.64634277e+03
-4.64981396e+03
-4.65324072e+03
-4.65662402e+03
-4.65996338e+03
-4.66325879e+03
-4.66651074e+03
-4.66971826e+03
-4.67288232e+03
-4.67600195e+03
-4.67907764e+03
-4.68210938e+03
-4.68509668e+03
-4.68804004e+03
-4.69093896e+03
-4.69379395e+03
-4.69660449e+03
-4.69937061e+03
-4.70209229e+03
-4.70477002e+03
-4.70740381e+03
-4.70999316e+03
-4.71253809e+03
-4.71503857e+03
-4.71749463e+03
-4.71990576e+03
-4.72227295e+03
-4.72459570e+03
-4.72687402e+03
-4.72910742e+03
-4.73129590e+03
-4.73344043e+03
-4.73554053e+03
-4.73759521e+03
-4.73960596e+03
-4.74157178e+03
-4.74349316e+03
-4.74536963e+03
-4.74720117e+03
-4.74898877e+03
-4.75073096e+03
-4.75242822e+03
-4.75408105e+03
-4.75568945e+03
-4.75725244e+03
-4.75877051e+03
-4.76024414e+03
-4.76167285e+03
-4.76305713e+03
-4.76439600e+03
-4.76568994e+03
-4.76693945e+03
-4.76814355e+03
-4.76930273e+03
-4.77041699e+03
-4.77148633e+03
-4.77251074e+03
-4.77349072e+03
-4.77442529e+03
-4.77531494e+03
-4.77615967e+03
-4.77695898e+03
-4.77771387e+03
-4.77842334e+03
-4.77908789e+03
-4.77970752e+03
-4.78028223e+03
-4.78081152e+03
-4.78129590e+03
-4.78173486e+03
-4.78212891e+03
-4.78247852e+03
-4.78278320e+03
-4.78304150e+03
-4.78325586e+03
-4.78342578e+03
-4.78354932e+03
-4.78362793e+03
-4.78366162e+03
-4.78365039e+03
-4.78359424e+03
-4.78349268e+03
-4.78334668e+03
-4.78315527e+03
-4.78291797e+03
-4.78263672e+03
-4.78231006e+03
-4.78193848e+03
-4.78152148e+03
-4.78105908e+03
-4.78055225e+03
-4.78000049e+03
-4.77940332e+03
-4.77876123e+03
-4.77807422e+03
-4.77734180e+03
-4.77656494e+03
-4.77574268e+03
-4.77487598e+03
-4.77396338e+03
-4.77300635e+03
-4.77200439e+03
-4.77095801e+03
-4.76986621e+03
-4.76872900e+03
-4.76754736e+03
-4.76632031e+03
-4.76504834e+03
-4.76373193e+03
-4.76237012e+03
-4.76096436e+03
-4.75951367e+03
-4.75801807e+03
-4.75647656e+03
-4.75489062e+03
-4.75326025e+03
-4.75158545e+03
-4.74986572e+03
-4.74810107e+03
-4.74629150e+03
-4.74443701e+03
-4.74253809e+03
-4.74059473e+03
-4.73860645e+03
-4.73657373e+03
-4.73449658e+03
-4.73237451e+03
-4.73020801e+03
-4.72799609e+03
-4.72574023e+03
-4.72344043e+03
-4.72109570e+03
-4.71870605e+03
-4.71627246e+03
-4.71379395e+03
-4.71127148e+03
-4.70870459e+03
-4.70609277e+03
-4.70343750e+03
-4.70073730e+03
-4.69799316e+03
-4.69520508e+03
-4.69237207e+03
-4.68949512e+03
-4.68657373e+03
-4.68360791e+03
-4.68059912e+03
-4.67754541e+03
-4.67444775e+03
-4.67130615e+03
-4.66812012e+03
-4.66489062e+03
-4.66161719e+03
-4.65829980e+03
-4.65493848e+03
-4.65153271e+03
-4.64808398e+03
-4.64459082e+03
-4.64105420e+03
-4.63747363e+03
-4.63385010e+03
-4.63018262e+03
-4.62647070e+03
-4.62271533e+03
-4.61891699e+03
-4.61507520e+03
-4.61118945e+03
-4.60726123e+03
-4.60328857e+03
-4.59927295e+03
-4.59521387e+03
-4.59111133e+03
-4.58696582e+03
-4.58277686e+03
-4.57854541e+03
-4.57427051e+03
-4.56995166e+03
-4.56559033e+03
-4.56118604e+03
-4.55673877e+03
-4.55224854e+03
-4.54771582e+03
-4.54313965e+03
-4.53852051e+03
-4.53385938e+03
-4.52915527e+03
-4.52440820e+03
-4.51961865e+03
-4.51478711e+03
-4.50991211e+03
-4.50499512e+03
-4.50003564e+03
-4.49503369e+03
-4.48998975e+03
-4.48490283e+03
-4.47977344e+03
-4.47460254e+03
-4.46938916e+03
-4.46413379e+03
-4.45883691e+03
-4.45349707e+03
-4.44811621e+03
-4.44269238e+03
-4.43722754e+03
-4.43172021e+03
-4.42617139e+03
-4.42058105e+03
-4.41494922e+03
-4.40927588e+03
-4.40356055e+03
-4.39780420e+03
-4.39200586e+03
-4.38616602e+03
-4.38028516e+03
-4.37436328e+03
-4.36839990e+03
-4.36239551e+03
-4.35635010e+03
-4.35026367e+03
-4.34413574e+03
-4.33796777e+03
-4.33175781e+03
-4.32550732e+03
-4.31921680e+03
-4.31288477e+03
-4.30651221e+03
-4.30009961e+03
-4.29364648e+03
-4.28715234e+03
-4.28061865e+03
-4.27404395e+03
-4.26742920e+03
-4.26077393e+03
-4.25407910e+03
-4.24734326e+03
-4.24056787e+03
-4.23375293e+03
-4.22689795e+03
-4.22000342e+03
-4.21306885e+03
-4.20609473e+03
-4.19908057e+03
-4.19202686e+03
-4.18493359e+03
-4.17780127e+03
-4.17062939e+03
-4.16341797e+03
-4.15616748e+03
-4.14887793e+03
-4.14154932e+03
-4.13418164e+03
-4.12677490e+03
-4.11932959e+03
-4.11184521e+03
-4.10432227e+03
-4.09676074e+03
-4.08916064e+03
-4.08152173e+03
-4.07384473e+03
-4.06612915e+03
-4.05837524e+03
-4.05058301e+03
-4.04275244e+03
-4.03488403e+03
-4.02697754e+03
-4.01903320e+03
-4.01105078e+03
-4.00303101e+03
-3.99497339e+03
-3.98687793e+03
-3.97874512e+03
-3.97057471e+03
-3.96236694e+03
-3.95412183e+03
-3.94583936e+03
-3.93751978e+03
-3.92916284e+03
-3.92076904e+03
-3.91233789e+03
-3.90387061e+03
-3.89536670e+03
-3.88682544e+03
-3.87824780e+03
-3.86963330e+03
-3.86098267e+03
-3.85229517e+03
-3.84357178e+03
-3.83481299e+03
-3.82601733e+03
-3.81718555e+03
-3.80831787e+03
-3.79941406e+03
-3.79047461e+03
-3.78149951e+03
-3.77248926e+03
-3.76344287e+03
-3.75436133e+03
-3.74524438e+03
-3.73609204e+03
-3.72690430e+03
-3.71768164e+03
-3.70842407e+03
-3.69913135e+03
-3.68980347e+03
-3.68044165e+03
-3.67104468e+03
-3.66161304e+03
-3.65214722e+03
-3.64264648e+03
-3.63311206e+03
-3.62354321e+03
-3.61393994e+03
-3.60430273e+03
-3.59463159e+03
-3.58492676e+03
-3.57518774e+03
-3.56541553e+03
-3.55560938e+03
-3.54577002e+03
-3.53589697e+03
-3.52599048e+03
-3.51605127e+03
-3.50607886e+03
-3.49607324e+03
-3.48603491e+03
-3.47596313e+03
-3.46585889e+03
-3.45572217e+03
-3.44555273e+03
-3.43535083e+03
-3.42511646e+03
-3.41485034e+03
-3.40455176e+03
-3.39422119e+03
-3.38385840e+03
-3.37346387e+03
-3.36303760e+03
-3.35257959e+03
-3.34208984e+03
-3.33156860e+03
-3.32101611e+03
-3.31043237e+03
-3.29981738e+03
-3.28917139e+03
-3.27849414e+03
-3.26778613e+03
-3.25704736e+03
-3.24627808e+03
-3.23547803e+03
-3.22464746e+03
-3.21378662e+03
-3.20289551e+03
-3.19197412e+03
-3.18102295e+03
-3.17004150e+03
-3.15903027e+03
-3.14798926e+03
-3.13691846e+03
-3.12581812e+03
-3.11468848e+03
-3.10352954e+03
-3.09234155e+03
-3.08112427e+03
-3.06987769e+03
-3.05860205e+03
-3.04729810e+03
-3.03596509e+03
-3.02460352e+03
-3.01321362e+03
-3.00179517e+03
-2.99034863e+03
-2.97887378e+03
-2.96737085e+03
-2.95584009e+03
-2.94428149e+03
-2.93269507e+03
-2.92108081e+03
-2.90943921e+03
-2.89777026e+03
-2.88607422e+03
-2.87435083e+03
-2.86260034e+03
-2.85082251e+03
-2.83901831e+03
-2.82718677e+03
-2.81532886e+03
-2.80344507e+03
-2.79153442e+03
-2.77959741e+03
-2.76763403e+03
-2.75564478e+03
-2.74362939e+03
-2.73158862e+03
-2.71952173e+03
-2.70742920e+03
-2.69531152e+03
-2.68316821e+03
-2.67099927e+03
-2.65880566e+03
-2.64658667e+03
-2.63434277e+03
-2.62207422e+03
-2.60978101e+03
-2.59746313e+03
-2.58512085e+03
-2.57275391e+03
-2.56036304e+03
-2.54794800e+03
-2.53550879e+03
-2.52304565e+03
-2.51055933e+03
-2.49804883e+03
-2.48551465e+03
-2.47295728e+03
-2.46037671e+03
-2.44777271e+03
-2.43514600e+03
-2.42249609e+03
-2.40982349e+03
-2.39712842e+03
-2.38441040e+03
-2.37166992e+03
-2.35890698e+03
-2.34612183e+03
-2.33331494e+03
-2.32048584e+03
-2.30763477e+03
-2.29476221e+03
-2.28186792e+03
-2.26895215e+03
-2.25601514e+03
-2.24305664e+03
-2.23007690e+03
-2.21707642e+03
-2.20405493e+03
-2.19101270e+03
-2.17794995e+03
-2.16486646e+03
-2.15176270e+03
-2.13863867e+03
-2.12549463e+03
-2.11233032e+03
-2.09914624e+03
-2.08594214e+03
-2.07271851e+03
-2.05947534e+03
-2.04621289e+03
-2.03293115e+03
-2.01963049e+03
-2.00631042e+03
-1.99297156e+03
-1.97961401e+03
-1.96623767e+03
-1.95284277e+03
-1.93942969e+03
-1.92599829e+03
-1.91254858e+03
-1.89908093e+03
-1.88559534e+03
-1.87209204e+03
-1.85857104e+03
-1.84503247e+03
-1.83147644e+03
-1.81790344e+03
-1.80431335e+03
-1.79070605e+03
-1.77708203e+03
-1.76344128e+03
-1.74978381e+03
-1.73610986e+03
-1.72241968e+03
-1.70871301e+03
-1.69499036e+03
-1.68125183e+03
-1.66749731e+03
-1.65372705e+03
-1.63994141e+03
-1.62614038e+03
-1.61232385e+03
-1.59849207e+03
-1.58464551e+03
-1.57078369e+03
-1.55690723e+03
-1.54301624e+03
-1.52911047e+03
-1.51519043e+03
-1.50125610e+03
-1.48730762e+03
-1.47334497e+03
-1.45936853e+03
-1.44537854e+03
-1.43137463e+03
-1.41735730e+03
-1.40332678e+03
-1.38928296e+03
-1.37522607e+03
-1.36115613e+03
-1.34707349e+03
-1.33297815e+03
-1.31887012e+03
-1.30474976e+03
-1.29061694e+03
-1.27647217e+03
-1.26231543e+03
-1.24814685e+03
-1.23396631e+03
-1.21977405e+03
-1.20557056e+03
-1.19135547e+03
-1.17712927e+03
-1.16289197e+03
-1.14864368e+03
-1.13438452e+03
-1.12011487e+03
-1.10583447e+03
-1.09154370e+03
-1.07724280e+03
-1.06293164e+03
-1.04861047e+03
-1.03427942e+03
-1.01993860e+03
-1.00558813e+03
-9.91228210e+02
-9.76859009e+02
-9.62480591e+02
-9.48093079e+02
-9.33696716e+02
-9.19291443e+02
-9.04877502e+02
-8.90455200e+02
-8.76024353e+02
-8.61585266e+02
-8.47138062e+02
-8.32682983e+02
-8.18219971e+02
-8.03749207e+02
-7.89270935e+02
-7.74785156e+02
-7.60292114e+02
-7.45791992e+02
-7.31284851e+02
-7.16770752e+02
-7.02249878e+02
-6.87722351e+02
-6.73188477e+02
-6.58648193e+02
-6.44101624e+02
-6.29549072e+02
-6.14990540e+02
-6.00426208e+02
-5.85856262e+02
-5.71280823e+02
-5.56700012e+02
-5.42113953e+02
-5.27522766e+02
-5.12926575e+02
-4.98325562e+02
-4.83719910e+02
-4.69109619e+02
-4.54494965e+02
-4.39876007e+02
-4.25252838e+02
-4.10625732e+02
-3.95994720e+02
-3.81360016e+02
-3.66721771e+02
-3.52079987e+02
-3.37434937e+02
-3.22786652e+02
-3.08135376e+02
-2.93481140e+02
-2.78824188e+02
-2.64164612e+02
-2.49502518e+02
-2.34838089e+02
-2.20171432e+02
-2.05502716e+02
-1.90832062e+02
-1.76159607e+02
-1.61485489e+02
-1.46809860e+02
-1.32132858e+02
-1.17454742e+02
-1.02776268e+02
-8.81011505e+01
-7.34451370e+01
-5.88633919e+01
-4.45061646e+01
-3.06708050e+01
-1.77222900e+01
-5.75602627e+00
5.75602627e+00
1.77222900e+01
