-2.37830356e-01
-7.25499317e-02
7.25499317e-02
2.37830356e-01
4.30851370e-01
6.37977362e-01
8.49303007e-01
1.06145227e+00
1.27370632e+00
1.48595941e+00
1.69819927e+00
1.91042328e+00
2.12262917e+00
2.33481526e+00
2.54697895e+00
2.75911856e+00
2.97123265e+00
3.18331861e+00
3.39537477e+00
3.60739851e+00
3.81938863e+00
4.03134251e+00
4.24325848e+00
4.45513439e+00
4.66696882e+00
4.87875843e+00
5.09050226e+00
5.30219841e+00
5.51384497e+00
5.72543907e+00
5.93697929e+00
6.14846373e+00
6.35989046e+00
6.57125664e+00
6.78256130e+00
6.99380207e+00
7.20497704e+00
7.41608429e+00
7.62712097e+00
7.83808661e+00
8.04897785e+00
8.25979328e+00
8.47053051e+00
8.68118858e+00
8.89176464e+00
9.10225677e+00
9.31266308e+00
9.52298260e+00
9.73321152e+00
9.94334984e+00
1.01533918e+01
1.03633404e+01
1.05731907e+01
1.07829418e+01
1.09925909e+01
1.12021360e+01
1.14115772e+01
1.16209097e+01
1.18301334e+01
1.20392447e+01
1.22482433e+01
1.24571257e+01
1.26658916e+01
1.28745375e+01
1.30830622e+01
1.32914639e+01
1.34997387e+01
1.37078867e+01
1.39159088e+01
1.41237984e+01
1.43315525e+01
1.45391731e+01
1.47466583e+01
1.49540033e+01
1.51612053e+01
1.53682661e+01
1.55751839e+01
1.57819529e+01
1.59885731e+01
1.61950436e+01
1.64013634e+01
1.66075249e+01
1.68135319e+01
1.70193806e+01
1.72250690e+01
1.74305954e+01
1.76359558e+01
1.78411503e+01
1.80461769e+01
1.82510338e+01
1.84557209e+01
1.86602306e+01
1.88645668e+01
1.90687256e+01
1.92727032e+01
1.94764996e+01
1.96801128e+01
1.98835392e+01
2.00867805e+01
2.02898312e+01
2.04926910e+01
2.06953583e+01
2.08978310e+01
2.11001034e+01
2.13021793e+01
2.15040550e+01
2.17057304e+01
2.19071980e+01
2.21084595e+01
2.23095131e+01
2.25103569e+01
2.27109890e+01
2.29114075e+01
2.31116066e+01
2.33115921e+01
2.35113564e+01
2.37108955e+01
2.39102173e+01
2.41093121e+01
2.43081760e+01
2.45068130e+01
2.47052231e+01
2.49033985e+01
2.51013374e+01
2.52990417e+01
2.54965038e+01
2.56937275e+01
2.58907070e+01
2.60874462e+01
2.62839394e+01
2.64801865e+01
2.66761837e+01
2.68719273e+01
2.70674191e+01
2.72626534e+01
2.74576321e+01
2.76523533e+01
2.78468151e+01
2.80410118e+01
2.82349434e+01
2.84286079e+01
2.86220093e+01
2.88151398e+01
2.90079994e+01
2.92005844e+01
2.93928928e+01
2.95849266e+01
2.97766819e+01
2.99681530e+01
3.01593437e+01
3.03502522e+01
3.05408745e+01
3.07312107e+01
3.09212513e+01
3.11110039e+01
3.13004646e+01
3.14896297e+01
3.16784954e+01
3.18670654e+01
3.20553360e+01
3.22433052e+01
3.24309692e+01
3.26183243e+01
3.28053741e+01
3.29921150e+01
3.31785469e+01
3.33646622e+01
3.35504684e+01
3.37359581e+01
3.39211273e+01
3.41059761e+01
3.42905045e+01
3.44747124e+01
3.46585922e+01
3.48421478e+01
3.50253754e+01
3.52082672e+01
3.53908310e+01
3.55730629e+01
3.57549591e+01
3.59365196e+01
3.61177406e+01
3.62986183e+01
3.64791565e+01
3.66593513e+01
3.68392029e+01
3.70187035e+01
3.71978569e+01
3.73766594e+01
3.75551109e+01
3.77332077e+01
3.79109535e+01
3.80883331e+01
3.82653618e+01
3.84420242e+01
3.86183281e+01
3.87942696e+01
3.89698410e+01
3.91450462e+01
3.93198814e+01
3.94943466e+01
3.96684418e+01
3.98421631e+01
4.00155067e+01
4.01884766e+01
4.03610649e+01
4.05332756e+01
4.07051010e+01
4.08765450e+01
4.10476074e+01
4.12182808e+01
4.13885651e+01
4.15584602e+01
4.17279625e+01
4.18970757e+01
4.20657883e+01
4.22341080e+01
4.24020233e+01
4.25695419e+01
4.27366676e+01
4.29033813e+01
4.30696945e+01
4.32356033e+01
4.34011040e+01
4.35661926e+01
4.37308731e+01
4.38951454e+01
4.40589981e+01
4.42224350e+01
4.43854637e+01
4.45480690e+01
4.47102547e+01
4.48720169e+01
4.50333595e+01
4.51942711e+01
4.53547668e+01
4.55148239e+01
4.56744614e+01
4.58336639e+01
4.59924393e+01
4.61507759e+01
4.63086853e+01
4.64661522e+01
4.66231842e+01
4.67797775e+01
4.69359283e+01
4.70916367e+01
4.72468987e+01
4.74017220e+01
4.75560913e+01
4.77100143e+01
4.78634911e+01
4.80165176e+01
4.81690941e+01
4.83212128e+01
4.84728775e+01
4.86240807e+01
4.87748299e+01
4.89251175e+01
4.90749435e+01
4.92243080e+01
4.93732109e+01
4.95216446e+01
4.96696167e+01
4.98171196e+01
4.99641533e+01
5.01107140e+01
5.02568016e+01
5.04024200e+01
5.05475616e+01
5.06922264e+01
5.08364143e+01
5.09801178e+01
5.11233521e+01
5.12660980e+01
5.14083595e+01
5.15501366e+01
5.16914330e+01
5.18322411e+01
5.19725609e+01
5.21123886e+01
5.22517242e+01
5.23905716e+01
5.25289230e+01
5.26667786e+01
5.28041382e+01
5.29410019e+01
5.30773697e+01
5.32132339e+01
5.33485947e+01
5.34834480e+01
5.36178017e+01
5.37516556e+01
5.38850021e+01
5.40178413e+01
5.41501694e+01
5.42819824e+01
5.44132919e+01
5.45440865e+01
5.46743660e+01
5.48041306e+01
5.49333763e+01
5.50621109e+01
5.51903229e+01
5.53180199e+01
5.54451866e+01
5.55718346e+01
5.56979561e+01
5.58235626e+01
5.59486351e+01
5.60731812e+01
5.61971970e+01
5.63206863e+01
5.64436455e+01
5.65660744e+01
5.66879692e+01
5.68093338e+01
5.69301529e+01
5.70504417e+01
5.71701927e+01
5.72894058e+01
5.74080811e+01
5.75262108e+01
5.76438026e+01
5.77608452e+01
5.78773499e+01
5.79933090e+01
5.81087151e+01
5.82235756e+01
5.83378906e+01
5.84516525e+01
5.85648727e+01
5.86775360e+01
5.87896461e+01
5.89011993e+01
5.90121994e+01
5.91226463e+01
5.92325287e+01
5.93418617e+01
5.94506340e+01
5.95588455e+01
5.96664963e+01
5.97735825e+01
5.98801079e+01
5.99860687e+01
6.00914650e+01
6.01962852e+01
6.03005562e+01
6.04042511e+01
6.05073776e+01
6.06099281e+01
6.07119102e+01
6.08133202e+01
6.09141541e+01
6.10144234e+01
6.11141052e+01
6.12132225e+01
6.13117523e+01
6.14097176e+01
6.15070992e+01
6.16039047e+01
6.17001190e+01
6.17957649e+01
6.18908234e+01
6.19852905e+01
6.20791817e+01
6.21724892e+01
6.22652054e+01
6.23573418e+01
6.24488869e+01
6.25398407e+01
6.26302109e+01
6.27199898e+01
6.28091698e+01
6.28977661e+01
6.29857712e+01
6.30731812e+01
6.31599960e+01
6.32462120e+01
6.33318405e+01
6.34168701e+01
6.35012970e+01
6.35851326e+01
6.36683617e+01
6.37509918e+01
6.38330231e+01
6.39144516e+01
6.39952774e+01
6.40755081e+01
6.41551285e+01
6.42341461e+01
6.43125610e+01
6.43903656e+01
6.44675598e+01
6.45441513e+01
6.46201324e+01
6.46955109e+01
6.47702789e+01
6.48444366e+01
6.49179840e+01
6.49909134e+01
6.50632401e+01
6.51349411e+01
6.52060318e+01
6.52765121e+01
6.53463745e+01
6.54156189e+01
6.54842606e+01
6.55522690e+01
6.56196747e+01
6.56864471e+01
6.57526093e+01
6.58181534e+01
6.58830719e+01
6.59473801e+01
6.60110550e+01
6.60741119e+01
6.61365433e+01
6.61983566e+01
6.62595367e+01
6.63200989e+01
6.63800430e+01
6.64393539e+01
6.64980392e+01
6.65561066e+01
6.66135406e+01
6.66703491e+01
6.67265244e+01
6.67820740e+01
6.68369904e+01
6.68912811e+01
6.69449463e+01
6.69979782e+01
6.70503769e+01
6.71021423e+01
6.71532669e+01
6.72037735e+01
6.72536392e+01
6.73028793e+01
6.73514786e+01
6.73994446e+01
6.74467773e+01
6.74934692e+01
6.75395355e+01
6.75849533e+01
6.76297455e+01
6.76738892e+01
6.77173996e+01
6.77602692e+01
6.78025131e+01
6.78441086e+01
6.78850632e+01
6.79253845e+01
6.79650574e+01
6.80040970e+01
6.80424957e+01
6.80802460e+01
6.81173630e+01
6.81538391e+01
6.81896667e+01
6.82248535e+01
6.82593994e+01
6.82933121e+01
6.83265686e+01
6.83591766e+01
6.83911514e+01
6.84224701e+01
6.84531555e+01
6.84831924e+01
6.85125809e+01
6.85413361e+01
6.85694351e+01
6.85968781e+01
6.86236954e+01
6.86498566e+01
6.86753693e+01
6.87002411e+01
6.87244568e+01
6.87480316e+01
6.87709579e+01
6.87932358e+01
6.88148651e+01
6.88358459e+01
6.88561707e+01
6.88758621e+01
6.88948975e+01
6.89132843e+01
6.89310226e+01
6.89481049e+01
6.89645462e+01
6.89803314e+01
6.89954681e+01
6.90099487e+01
6.90237885e+01
6.90369797e+01
6.90495148e+01
6.90614014e+01
6.90726395e+01
6.90832214e+01
6.90931549e+01
6.91024399e+01
6.91110687e+01
6.91190491e+01
6.91263809e+01
6.91330643e+01
6.91390839e+01
6.91444626e+01
6.91491852e+01
6.91532593e+01
6.91566772e+01
6.91594467e+01
6.91615677e+01
6.91630325e+01
6.91638489e+01
6.91640091e+01
6.91635208e+01
6.91623764e+01
6.91605911e+01
6.91581421e+01
6.91550522e+01
6.91513062e+01
6.91468964e+01
6.91418533e+01
6.91361542e+01
6.91297989e+01
6.91227951e+01
6.91151428e+01
6.91068344e+01
6.90978775e+01
6.90882721e+01
6.90780182e+01
6.90671005e+01
6.90555496e+01
6.90433273e+01
6.90304718e+01
6.90169525e+01
6.90027924e+01
6.89879761e+01
6.89725113e+01
6.89564056e+01
6.89396362e+01
6.89222336e+01
6.89041748e+01
6.88854599e+01
6.88660965e+01
6.88460922e+01
6.88254395e+01
6.88041306e+01
6.87821732e+01
6.87595749e+01
6.87363281e+01
6.87124252e+01
6.86878815e+01
6.86626968e+01
6.86368561e+01
6.86103668e+01
6.85832367e+01
6.85554581e+01
6.85270386e+01
6.84979706e+01
6.84682541e+01
6.84378891e+01
6.84068909e+01
6.83752365e+01
6.83429489e+01
6.83100052e+01
6.82764282e+01
6.82422028e+01
6.82073441e+01
6.81718369e+01
6.81356812e+01
6.80988846e+01
6.80614471e+01
6.80233765e+01
6.79846573e+01
6.79452972e+01
6.79053040e+01
6.78646622e+01
6.78233871e+01
6.77814789e+01
6.77389221e+01
6.76957245e+01
6.76518936e+01
6.76074295e+01
6.75623245e+01
6.75165863e+01
6.74702072e+01
6.74231873e+01
6.73755341e+01
6.73272552e+01
6.72783356e+01
6.72287827e+01
6.71786041e+01
6.71277924e+01
6.70763397e+01
6.70242538e+01
6.69715424e+01
6.69181976e+01
6.68642197e+01
6.68096085e+01
6.67543716e+01
6.66985092e+01
6.66420135e+01
6.65848999e+01
6.65271530e+01
6.64687805e+01
6.64097900e+01
6.63501587e+01
6.62899017e+01
6.62290268e+01
6.61675262e+01
6.61054077e+01
6.60426636e+01
6.59792938e+01
6.59153061e+01
6.58506927e+01
6.57854614e+01
6.57196045e+01
6.56531372e+01
6.55860519e+01
6.55183411e+01
6.54500122e+01
6.53810806e+01
6.53115234e+01
6.52413483e+01
6.51705627e+01
6.50991592e+01
6.50271454e+01
6.49545212e+01
6.48812790e+01
6.48074341e+01
6.47329788e+01
6.46578979e+01
6.45822220e+01
6.45059280e+01
6.44290390e+01
6.43515320e+01
6.42734299e+01
6.41947098e+01
6.41153946e+01
6.40354614e+01
6.39549408e+01
6.38738136e+01
6.37920799e+01
6.37097511e+01
6.36268196e+01
6.35432892e+01
6.34591560e+01
6.33744278e+01
6.32891083e+01
6.32031822e+01
6.31166649e+01
6.30295563e+01
6.29418449e+01
6.28535500e+01
6.27646561e+01
6.26751747e+01
6.25851021e+01
6.24944382e+01
6.24031868e+01
6.23113480e+01
6.22189217e+01
6.21259117e+01
6.20323143e+01
6.19381332e+01
6.18433685e+01
6.17480202e+01
6.16520882e+01
6.15555687e+01
6.14584808e+01
6.13608131e+01
6.12625694e+01
6.11637383e+01
6.10643349e+01
6.09643631e+01
6.08638115e+01
6.07626839e+01
6.06609879e+01
6.05587234e+01
6.04558792e+01
6.03524742e+01
6.02484932e+01
6.01439476e+01
6.00388412e+01
5.99331589e+01
5.98269196e+01
5.97201157e+01
5.96127396e+01
5.95048141e+01
5.93963242e+01
5.92872734e+01
5.91776619e+01
5.90674973e+01
5.89567719e+01
5.88454933e+01
5.87336617e+01
5.86212730e+01
5.85083351e+01
5.83948441e+01
5.82807999e+01
5.81662140e+01
5.80510788e+01
5.79353981e+01
5.78191719e+01
5.77023964e+01
5.75850830e+01
5.74672203e+01
5.73488159e+01
5.72298660e+01
5.71103859e+01
5.69903717e+01
5.68698120e+01
5.67487221e+01
5.66270905e+01
5.65049362e+01
5.63822441e+01
5.62590141e+01
5.61352615e+01
5.60109787e+01
5.58861694e+01
5.57608337e+01
5.56349678e+01
5.55085831e+01
5.53816681e+01
5.52542343e+01
5.51262779e+01
5.49978142e+01
5.48688202e+01
5.47393150e+01
5.46092949e+01
5.44787560e+01
5.43477020e+01
5.42161407e+01
5.40840683e+01
5.39514885e+01
5.38184013e+01
5.36848030e+01
5.35506935e+01
5.34160843e+01
5.32809715e+01
5.31453629e+01
5.30092468e+01
5.28726311e+01
5.27355232e+01
5.25979080e+01
5.24598083e+01
5.23212128e+01
5.21821251e+01
5.20425339e+01
5.19024544e+01
5.17618904e+01
5.16208458e+01
5.14793091e+01
5.13372917e+01
5.11947823e+01
5.10517960e+01
5.09083290e+01
5.07643814e+01
5.06199493e+01
5.04750443e+01
5.03296700e+01
5.01838150e+01
5.00374870e+01
4.98906937e+01
4.97434311e+01
4.95956955e+01
4.94474907e+01
4.92988205e+01
4.91496849e+01
4.90000877e+01
4.88500290e+01
4.86995163e+01
4.85485344e+01
4.83970985e+01
4.82452049e+01
4.80928612e+01
4.79400635e+01
4.77868118e+01
4.76331139e+01
4.74789658e+01
4.73243713e+01
4.71693268e+01
4.70138397e+01
4.68579102e+01
4.67015381e+01
4.65447235e+01
4.63874779e+01
4.62297897e+01
4.60716667e+01
4.59131126e+01
4.57541237e+01
4.55946999e+01
4.54348526e+01
4.52745781e+01
4.51138687e+01
4.49527397e+01
4.47911911e+01
4.46292114e+01
4.44668159e+01
4.43040047e+01
4.41407700e+01
4.39771233e+01
4.38130608e+01
4.36485901e+01
4.34836998e+01
4.33184013e+01
4.31526985e+01
4.29865913e+01
4.28200722e+01
4.26531525e+01
4.24858360e+01
4.23181152e+01
4.21499977e+01
4.19814796e+01
4.18125648e+01
4.16432610e+01
4.14735641e+01
4.13034706e+01
4.11329918e+01
4.09621277e+01
4.07908745e+01
4.06192398e+01
4.04472237e+01
4.02748184e+01
4.01020393e+01
3.99288826e+01
3.97553520e+01
3.95814438e+01
3.94071617e+01
3.92325096e+01
3.90574875e+01
3.88821030e+01
3.87063446e+01
3.85302238e+01
3.83537407e+01
3.81768951e+01
3.79996910e+01
3.78221245e+01
3.76442070e+01
3.74659348e+01
3.72873077e+01
3.71083260e+01
3.69290009e+01
3.67493210e+01
3.65693016e+01
3.63889351e+01
3.62082214e+01
3.60271721e+01
3.58457832e+01
3.56640549e+01
3.54819946e+01
3.52995949e+01
3.51168671e+01
3.49338036e+01
3.47504120e+01
3.45666962e+01
3.43826485e+01
3.41982841e+01
3.40135918e+01
3.38285828e+01
3.36432533e+01
3.34576073e+01
3.32716446e+01
3.30853729e+01
3.28987885e+01
3.27118912e+01
3.25246849e+01
3.23371735e+01
3.21493568e+01
3.19612408e+01
3.17728214e+01
3.15841007e+01
3.13950825e+01
3.12057743e+01
3.10161648e+01
3.08262672e+01
3.06360779e+01
3.04456005e+01
3.02548389e+01
3.00637894e+01
2.98724556e+01
2.96808434e+01
2.94889469e+01
2.92967739e+01
2.91043282e+01
2.89116058e+01
2.87186108e+01
2.85253468e+01
2.83318100e+01
2.81380100e+01
2.79439468e+01
2.77496185e+01
2.75550270e+01
2.73601780e+01
2.71650715e+01
2.69697037e+01
2.67740879e+01
2.65782166e+01
2.63820972e+01
2.61857300e+01
2.59891129e+01
2.57922535e+01
2.55951500e+01
2.53978024e+01
2.52002201e+01
2.50023994e+01
2.48043423e+01
2.46060524e+01
2.44075298e+01
2.42087765e+01
2.40097942e+01
2.38105850e+01
2.36111546e+01
2.34115028e+01
2.32116280e+01
2.30115356e+01
2.28112240e+01
2.26107006e+01
2.24099655e+01
2.22090149e+01
2.20078583e+01
2.18064919e+01
2.16049213e+01
2.14031448e+01
2.12011681e+01
2.09989948e+01
2.07966194e+01
2.05940514e+01
2.03912888e+01
2.01883316e+01
1.99851875e+01
1.97818527e+01
1.95783329e+01
1.93746281e+01
1.91707382e+01
1.89666710e+01
1.87624245e+01
1.85580025e+01
1.83534012e+01
1.81486320e+01
1.79436874e+01
1.77385769e+01
1.75332985e+01
1.73278542e+01
1.71222458e+01
1.69164772e+01
1.67105503e+01
1.65044651e+01
1.62982254e+01
1.60918312e+01
1.58852854e+01
1.56785908e+01
1.54717455e+01
1.52647581e+01
1.50576248e+01
1.48503485e+01
1.46429348e+01
1.44353819e+01
1.42276926e+01
1.40198717e+01
1.38119173e+01
1.36038322e+01
1.33956194e+01
1.31872807e+01
1.29788170e+01
1.27702322e+01
1.25615253e+01
1.23527002e+01
1.21437597e+01
1.19347038e+01
1.17255363e+01
1.15162592e+01
1.13068714e+01
1.10973787e+01
1.08877811e+01
1.06780815e+01
1.04682808e+01
1.02583818e+01
1.00483847e+01
9.83829403e+00
9.62811089e+00
9.41783714e+00
9.20747375e+00
8.99702454e+00
8.78648949e+00
8.57587242e+00
8.36517334e+00
8.15439606e+00
7.94354391e+00
7.73261595e+00
7.52161360e+00
7.31054163e+00
7.09940004e+00
6.88819218e+00
6.67691946e+00
6.46558332e+00
6.25418663e+00
6.04273081e+00
5.83121872e+00
5.61965084e+00
5.40803051e+00
5.19635868e+00
4.98463821e+00
4.77287102e+00
4.56105852e+00
4.34920359e+00
4.13730764e+00
3.92537212e+00
3.71339989e+00
3.50139308e+00
3.28935242e+00
3.07728148e+00
2.86518121e+00
2.65305424e+00
2.44090176e+00
2.22872663e+00
2.01653051e+00
1.80431521e+00
1.59208322e+00
1.37983608e+00
1.16757607e+00
9.55304801e-01
7.43024647e-01
5.30737400e-01
3.18445295e-01
1.06150135e-01
-1.06146023e-01
-3.18441153e-01
-5.30733347e-01
-7.43020475e-01
-9.55300629e-01
-1.16757178e+00
-1.37983191e+00
-1.59207904e+00
-1.80431139e+00
-2.01652646e+00
-2.22872281e+00
-2.44089794e+00
-2.65304995e+00
-2.86517715e+00
-3.07727718e+00
-3.28934860e+00
-3.50138879e+00
-3.71339607e+00
-3.92536831e+00
-4.13730335e+00
-4.34919977e+00
-4.56105518e+00
-4.77286768e+00
-4.98463488e+00
-5.19635487e+00
-5.40802622e+00
-5.61964750e+00
-5.83121538e+00
-6.04272747e+00
-6.25418329e+00
-6.46557999e+00
-6.67691565e+00
-6.88818836e+00
-7.09939623e+00
-7.31053686e+00
-7.52160883e+00
-7.73261070e+00
-7.94353867e+00
-8.15439224e+00
-8.36516857e+00
-8.57586765e+00
-8.78648472e+00
-8.99701977e+00
-9.20746994e+00
-9.41783237e+00
-9.62810612e+00
-9.83829021e+00
-1.00483809e+01
-1.02583761e+01
-1.04682760e+01
-1.06780767e+01
-1.08877773e+01
-1.10973749e+01
-1.13068686e+01
-1.15162563e+01
-1.17255325e+01
-1.19347010e+01
-1.21437559e+01
-1.23526964e+01
-1.25615206e+01
-1.27702265e+01
-1.29788122e+01
-1.31872768e+01
-1.33956165e+01
-1.36038284e+01
-1.38119135e+01
-1.40198679e+01
-1.42276907e+01
-1.44353790e+01
-1.46429310e+01
-1.48503447e+01
-1.50576191e+01
-1.52647514e+01
-1.54717417e+01
-1.56785860e+01
-1.58852816e+01
-1.60918274e+01
-1.62982216e+01
-1.65044613e+01
-1.67105465e+01
-1.69164753e+01
-1.71222420e+01
-1.73278503e+01
-1.75332947e+01
-1.77385731e+01
-1.79436855e+01
-1.81486263e+01
-1.83533974e+01
-1.85579967e+01
-1.87624207e+01
-1.89666672e+01
-1.91707363e+01
-1.93746223e+01
-1.95783291e+01
-1.97818470e+01
-1.99851818e+01
-2.01883278e+01
-2.03912830e+01
-2.05940456e+01
-2.07966156e+01
-2.09989910e+01
-2.12011662e+01
-2.14031410e+01
-2.16049156e+01
-2.18064880e+01
-2.20078526e+01
-2.22090111e+01
-2.24099598e+01
-2.26106987e+01
-2.28112221e+01
-2.30115299e+01
-2.32116241e+01
-2.34115009e+01
-2.36111526e+01
-2.38105831e+01
-2.40097885e+01
-2.42087708e+01
-2.44075241e+01
-2.46060448e+01
-2.48043346e+01
-2.50023918e+01
-2.52002144e+01
-2.53978004e+01
-2.55951443e+01
-2.57922478e+01
-2.59891090e+01
-2.61857262e+01
-2.63820953e+01
-2.65782146e+01
-2.67740841e+01
-2.69696999e+01
-2.71650658e+01
-2.73601742e+01
-2.75550213e+01
-2.77496109e+01
-2.79439411e+01
-2.81380081e+01
-2.83318081e+01
-2.85253429e+01
-2.87186069e+01
-2.89116001e+01
-2.91043243e+01
-2.92967720e+01
-2.94889431e+01
-2.96808376e+01
-2.98724499e+01
-3.00637836e+01
-3.02548351e+01
-3.04455967e+01
-3.06360741e+01
-3.08262653e+01
-3.10161629e+01
-3.12057686e+01
-3.13950806e+01
-3.15840988e+01
-3.17728157e+01
-3.19612370e+01
-3.21493568e+01
-3.23371696e+01
-3.25246811e+01
-3.27118874e+01
-3.28987846e+01
-3.30853691e+01
-3.32716446e+01
-3.34576035e+01
-3.36432495e+01
-3.38285828e+01
-3.40135918e+01
-3.41982765e+01
-3.43826447e+01
-3.45666885e+01
-3.47504044e+01
-3.49337997e+01
-3.51168594e+01
-3.52995911e+01
-3.54819908e+01
-3.56640549e+01
-3.58457832e+01
-3.60271721e+01
-3.62082214e+01
-3.63889313e+01
-3.65692978e+01
-3.67493210e+01
-3.69289932e+01
-3.71083260e+01
-3.72873001e+01
-3.74659309e+01
-3.76442032e+01
-3.78221207e+01
-3.79996872e+01
-3.81768913e+01
-3.83537331e+01
-3.85302200e+01
-3.87063408e+01
-3.88820953e+01
-3.90574837e+01
-3.92325096e+01
-3.94071617e+01
-3.95814438e+01
-3.97553520e+01
-3.99288826e+01
-4.01020393e+01
-4.02748184e+01
-4.04472198e+01
-4.06192322e+01
-4.07908669e+01
-4.09621201e+01
-4.11329880e+01
-4.13034668e+01
-4.14735565e+01
-4.16432533e+01
-4.18125610e+01
-4.19814758e+01
-4.21499977e+01
-4.23181114e+01
-4.24858322e+01
-4.26531487e+01
-4.28200722e+01
-4.29865913e+01
-4.31526985e+01
-4.33183975e+01
-4.34836960e+01
-4.36485825e+01
-4.38130569e+01
-4.39771233e+01
-4.41407700e+01
-4.43039970e+01
-4.44668159e+01
-4.46292114e+01
-4.47911873e+01
-4.49527397e+01
-4.51138687e+01
-4.52745705e+01
-4.54348526e+01
-4.55946999e+01
-4.57541199e+01
-4.59131088e+01
-4.60716629e+01
-4.62297859e+01
-4.63874702e+01
-4.65447235e+01
-4.67015343e+01
-4.68579063e+01
-4.70138359e+01
-4.71693230e+01
-4.73243713e+01
-4.74789581e+01
-4.76331100e+01
-4.77868118e+01
-4.79400635e+01
-4.80928612e+01
-4.82452049e+01
-4.83970909e+01
-4.85485306e+01
-4.86995087e+01
-4.88500252e+01
-4.90000877e+01
-4.91496773e+01
-4.92988129e+01
-4.94474869e+01
-4.95956879e+01
-4.97434235e+01
-4.98906937e+01
-5.00374870e+01
-5.01838150e+01
-5.03296700e+01
-5.04750443e+01
-5.06199493e+01
-5.07643776e+01
-5.09083252e+01
-5.10517921e+01
-5.11947823e+01
-5.13372879e+01
-5.14793091e+01
-5.16208458e+01
-5.17618904e+01
-5.19024544e+01
-5.20425339e+01
-5.21821175e+01
-5.23212090e+01
-5.24598083e+01
-5.25979080e+01
-5.27355232e+01
-5.28726273e+01
-5.30092430e+01
-5.31453629e+01
-5.32809715e+01
-5.34160843e+01
-5.35506935e+01
-5.36848030e+01
-5.38184013e+01
-5.39514885e+01
-5.40840683e+01
-5.42161407e+01
-5.43477020e+01
-5.44787560e+01
-5.46092949e+01
-5.47393150e+01
-5.48688202e+01
-5.49978142e+01
-5.51262779e+01
-5.52542343e+01
-5.53816681e+01
-5.55085754e+01
-5.56349640e+01
-5.57608223e+01
-5.58861580e+01
-5.60109711e+01
-5.61352577e+01
-5.62590141e+01
-5.63822365e+01
-5.65049324e+01
-5.66270905e+01
-5.67487144e+01
-5.68698082e+01
-5.69903641e+01
-5.71103859e+01
-5.72298660e+01
-5.73488083e+01
-5.74672127e+01
-5.75850754e+01
-5.77023926e+01
-5.78191643e+01
-5.79353943e+01
-5.80510788e+01
-5.81662140e+01
-5.82807999e+01
-5.83948441e+01
-5.85083351e+01
-5.86212730e+01
-5.87336617e+01
-5.88454933e+01
-5.89567719e+01
-5.90674896e+01
-5.91776619e+01
-5.92872696e+01
-5.93963203e+01
-5.95048141e+01
-5.96127396e+01
-5.97201157e+01
-5.98269196e+01
-5.99331589e+01
-6.00388298e+01
-6.01439362e+01
-6.02484894e+01
-6.03524666e+01
-6.04558754e+01
-6.05587158e+01
-6.06609879e+01
-6.07626839e+01
-6.08638077e+01
-6.09643555e+01
-6.10643349e+01
-6.11637383e+01
-6.12625618e+01
-6.13608093e+01
-6.14584770e+01
-6.15555687e+01
-6.16520805e+01
-6.17480125e+01
-6.18433571e+01
-6.19381294e+01
-6.20323143e+01
-6.21259117e+01
-6.22189217e+01
-6.23113480e+01
-6.24031868e+01
-6.24944382e+01
-6.25851021e+01
-6.26751747e+01
-6.27646561e+01
-6.28535500e+01
-6.29418449e+01
-6.30295563e+01
-6.31166649e+01
-6.32031822e+01
-6.32891006e+01
-6.33744202e+01
-6.34591522e+01
-6.35432816e+01
-6.36268196e+01
-6.37097511e+01
-6.37920799e+01
-6.38738136e+01
-6.39549408e+01
-6.40354614e+01
-6.41153946e+01
-6.41947098e+01
-6.42734222e+01
-6.43515320e+01
-6.44290314e+01
-6.45059280e+01
-6.45822220e+01
-6.46578979e+01
-6.47329788e+01
-6.48074341e+01
-6.48812790e+01
-6.49545212e+01
-6.50271454e+01
-6.50991592e+01
-6.51705627e+01
-6.52413483e+01
-6.53115158e+01
-6.53810806e+01
-6.54500122e+01
-6.55183411e+01
-6.55860519e+01
-6.56531372e+01
-6.57196045e+01
-6.57854614e+01
-6.58506927e+01
-6.59152985e+01
-6.59792862e+01
-6.60426559e+01
-6.61054001e+01
-6.61675262e+01
-6.62290268e+01
-6.62899017e+01
-6.63501587e+01
-6.64097900e+01
-6.64687805e+01
-6.65271530e+01
-6.65848999e+01
-6.66420135e+01
-6.66985092e+01
-6.67543716e+01
-6.68096085e+01
-6.68642120e+01
-6.69181900e+01
-6.69715347e+01
-6.70242538e+01
-6.70763321e+01
-6.71277847e+01
-6.71786041e+01
-6.72287827e+01
-6.72783356e+01
-6.73272552e+01
-6.73755341e+01
-6.74231873e+01
-6.74701996e+01
-6.75165787e+01
-6.75623169e+01
-6.76074219e+01
-6.76518936e+01
-6.76957245e+01
-6.77389221e+01
-6.77814789e+01
-6.78233871e+01
-6.78646622e+01
-6.79053040e+01
-6.79452972e+01
-6.79846573e+01
-6.80233765e+01
-6.80614471e+01
-6.80988846e+01
-6.81356812e+01
-6.81718369e+01
-6.82073441e+01
-6.82422028e+01
-6.82764282e+01
-6.83100052e+01
-6.83429489e+01
-6.83752365e+01
-6.84068909e+01
-6.84378891e+01
-6.84682541e+01
-6.84979706e+01
-6.85270386e+01
-6.85554581e+01
-6.85832367e+01
-6.86103668e+01
-6.86368561e+01
-6.86626968e+01
-6.86878815e+01
-6.87124252e+01
-6.87363281e+01
-6.87595749e+01
-6.87821732e+01
-6.88041306e+01
-6.88254395e+01
-6.88460922e+01
-6.88660965e+01
-6.88854599e+01
-6.89041672e+01
-6.89222336e+01
-6.89396362e+01
-6.89564056e+01
-6.89725113e+01
-6.89879761e+01
-6.90027924e+01
-6.90169525e+01
-6.90304718e+01
-6.90433273e+01
-6.90555496e+01
-6.90671005e+01
-6.90780182e+01
-6.90882721e+01
-6.90978775e+01
-6.91068344e+01
-6.91151428e+01
-6.91227951e+01
-6.91297989e+01
-6.91361542e+01
-6.91418533e+01
-6.91468964e+01
-6.91513062e+01
-6.91550522e+01
-6.91581421e+01
-6.91605911e+01
-6.91623764e+01
-6.91635208e+01
-6.91640091e+01
-6.91638489e+01
-6.91630325e+01
-6.91615677e+01
-6.91594467e+01
-6.91566772e+01
-6.91532593e+01
-6.91491852e+01
-6.91444626e+01
-6.91390839e+01
-6.91330643e+01
-6.91263809e+01
-6.91190491e+01
-6.91110687e+01
-6.91024399e+01
-6.90931549e+01
-6.90832214e+01
-6.90726395e+01
-6.90614014e+01
-6.90495148e+01
-6.90369797e+01
-6.90237885e+01
-6.90099487e+01
-6.89954681e+01
-6.89803314e+01
-6.89645462e+01
-6.89481049e+01
-6.89310226e+01
-6.89132843e+01
-6.88948975e+01
-6.88758621e+01
-6.88561707e+01
-6.88358459e+01
-6.88148651e+01
-6.87932358e+01
-6.87709579e+01
-6.87480316e+01
-6.87244568e+01
-6.87002411e+01
-6.86753693e+01
-6.86498566e+01
-6.86236954e+01
-6.85968781e+01
-6.85694351e+01
-6.85413361e+01
-6.85125809e+01
-6.84831924e+01
-6.84531631e+01
-6.84224777e+01
-6.83911514e+01
-6.83591766e+01
-6.83265686e+01
-6.82933121e+01
-6.82593994e+01
-6.82248535e+01
-6.81896667e+01
-6.81538391e+01
-6.81173630e+01
-6.80802460e+01
-6.80424957e+01
-6.80040970e+01
-6.79650574e+01
-6.79253845e+01
-6.78850632e+01
-6.78441086e+01
-6.78025131e+01
-6.77602692e+01
-6.77173996e+01
-6.76738892e+01
-6.76297455e+01
-6.75849533e+01
-6.75395355e+01
-6.74934692e+01
-6.74467773e+01
-6.73994446e+01
-6.73514786e+01
-6.73028793e+01
-6.72536392e+01
-6.72037735e+01
-6.71532669e+01
-6.71021423e+01
-6.70503769e+01
-6.69979782e+01
-6.69449463e+01
-6.68912811e+01
-6.68369904e+01
-6.67820740e+01
-6.67265244e+01
-6.66703491e+01
-6.66135406e+01
-6.65561066e+01
-6.64980469e+01
-6.64393616e+01
-6.63800507e+01
-6.63201065e+01
-6.62595444e+01
-6.61983566e+01
-6.61365433e+01
-6.60741119e+01
-6.60110550e+01
-6.59473801e+01
-6.58830719e+01
-6.58181534e+01
-6.57526093e+01
-6.56864548e+01
-6.56196747e+01
-6.55522690e+01
-6.54842606e+01
-6.54156189e+01
-6.53463745e+01
-6.52765198e+01
-6.52060318e+01
-6.51349487e+01
-6.50632401e+01
-6.49909134e+01
-6.49179840e+01
-6.48444366e+01
-6.47702789e+01
-6.46955109e+01
-6.46201324e+01
-6.45441589e+01
-6.44675674e+01
-6.43903656e+01
-6.43125610e+01
-6.42341461e+01
-6.41551285e+01
-6.40755081e+01
-6.39952774e+01
-6.39144516e+01
-6.38330231e+01
-6.37509956e+01
-6.36683655e+01
-6.35851326e+01
-6.35012970e+01
-6.34168701e+01
-6.33318481e+01
-6.32462196e+01
-6.31599998e+01
-6.30731850e+01
-6.29857712e+01
-6.28977737e+01
-6.28091774e+01
-6.27199936e+01
-6.26302185e+01
-6.25398407e+01
-6.24488869e+01
-6.23573418e+01
-6.22652054e+01
-6.21724892e+01
-6.20791817e+01
-6.19852905e+01
-6.18908234e+01
-6.17957649e+01
-6.17001190e+01
-6.16039047e+01
-6.15070992e+01
-6.14097176e+01
-6.13117523e+01
-6.12132225e+01
-6.11141052e+01
-6.10144234e+01
-6.09141579e+01
-6.08133202e+01
-6.07119102e+01
-6.06099281e+01
-6.05073776e+01
-6.04042511e+01
-6.03005562e+01
-6.01962852e+01
-6.00914650e+01
-5.99860687e+01
-5.98801079e+01
-5.97735825e+01
-5.96664963e+01
-5.95588455e+01
-5.94506340e+01
-5.93418617e+01
-5.92325325e+01
-5.91226463e+01
-5.90122032e+01
-5.89012032e+01
-5.87896500e+01
-5.86775360e+01
-5.85648727e+01
-5.84516640e+01
-5.83378983e+01
-5.82235756e+01
-5.81087189e+01
-5.79933090e+01
-5.78773499e+01
-5.77608452e+01
-5.76438026e+01
-5.75262108e+01
-5.74080849e+01
-5.72894173e+01
-5.71702042e+01
-5.70504494e+01
-5.69301605e+01
-5.68093338e+01
-5.66879692e+01
-5.65660744e+01
-5.64436569e+01
-5.63206940e+01
-5.61972046e+01
-5.60731812e+01
-5.59486351e+01
-5.58235626e+01
-5.56979599e+01
-5.55718346e+01
-5.54451866e+01
-5.53180199e+01
-5.51903229e+01
-5.50621147e+01
-5.49333839e+01
-5.48041306e+01
-5.46743660e+01
-5.45440903e+01
-5.44132919e+01
-5.42819901e+01
-5.41501732e+01
-5.40178452e+01
-5.38850098e+01
-5.37516594e+01
-5.36178131e+01
-5.34834557e+01
-5.33485947e+01
-5.32132339e+01
-5.30773697e+01
-5.29410019e+01
-5.28041420e+01
-5.26667824e+01
-5.25289230e+01
-5.23905716e+01
-5.22517242e+01
-5.21123886e+01
-5.19725609e+01
-5.18322411e+01
-5.16914368e+01
-5.15501442e+01
-5.14083633e+01
-5.12660980e+01
-5.11233521e+01
-5.09801178e+01
-5.08364143e+01
-5.06922302e+01
-5.05475655e+01
-5.04024200e+01
-5.02568054e+01
-5.01107140e+01
-4.99641533e+01
-4.98171196e+01
-4.96696167e+01
-4.95216446e+01
-4.93732147e+01
-4.92243080e+01
-4.90749474e+01
-4.89251213e+01
-4.87748299e+01
-4.86240807e+01
-4.84728775e+01
-4.83212128e+01
-4.81690941e+01
-4.80165176e+01
-4.78634987e+01
-4.77100220e+01
-4.75560951e+01
-4.74017258e+01
-4.72469025e+01
-4.70916367e+01
-4.69359283e+01
-4.67797775e+01
-4.66231842e+01
-4.64661560e+01
-4.63086891e+01
-4.61507835e+01
-4.59924431e+01
-4.58336754e+01
-4.56744690e+01
-4.55148354e+01
-4.53547668e+01
-4.51942749e+01
-4.50333595e+01
-4.48720169e+01
-4.47102547e+01
-4.45480766e+01
-4.43854637e+01
-4.42224388e+01
-4.40589981e+01
-4.38951454e+01
-4.37308731e+01
-4.35661926e+01
-4.34011040e+01
-4.32356033e+01
-4.30696983e+01
-4.29033852e+01
-4.27366676e+01
-4.25695457e+01
-4.24020271e+01
-4.22341080e+01
-4.20657883e+01
-4.18970757e+01
-4.17279625e+01
-4.15584602e+01
-4.13885689e+01
-4.12182846e+01
-4.10476112e+01
-4.08765488e+01
-4.07051048e+01
-4.05332794e+01
-4.03610687e+01
-4.01884842e+01
-4.00155106e+01
-3.98421631e+01
-3.96684456e+01
-3.94943542e+01
-3.93198853e+01
-3.91450462e+01
-3.89698448e+01
-3.87942734e+01
-3.86183281e+01
-3.84420242e+01
-3.82653618e+01
-3.80883331e+01
-3.79109535e+01
-3.77332115e+01
-3.75551147e+01
-3.73766632e+01
-3.71978607e+01
-3.70187073e+01
-3.68392067e+01
-3.66593590e+01
-3.64791641e+01
-3.62986259e+01
-3.61177444e+01
-3.59365234e+01
-3.57549629e+01
-3.55730667e+01
-3.53908386e+01
-3.52082710e+01
-3.50253754e+01
-3.48421516e+01
-3.46585960e+01
-3.44747162e+01
-3.42905083e+01
-3.41059799e+01
-3.39211273e+01
-3.37359581e+01
-3.35504723e+01
-3.33646698e+01
-3.31785507e+01
-3.29921188e+01
-3.28053818e+01
-3.26183319e+01
-3.24309731e+01
-3.22433090e+01
-3.20553398e+01
-3.18670712e+01
-3.16784992e+01
-3.14896317e+01
-3.13004665e+01
-3.11110058e+01
-3.09212551e+01
-3.07312126e+01
-3.05408802e+01
-3.03502598e+01
-3.01593513e+01
-2.99681587e+01
-2.97766819e+01
-2.95849285e+01
-2.93928986e+01
-2.92005863e+01
-2.90080032e+01
-2.88151436e+01
-2.86220150e+01
-2.84286156e+01
-2.82349453e+01
-2.80410137e+01
-2.78468170e+01
-2.76523590e+01
-2.74576359e+01
-2.72626572e+01
-2.70674210e+01
-2.68719311e+01
-2.66761856e+01
-2.64801903e+01
-2.62839432e+01
-2.60874538e+01
-2.58907146e+01
-2.56937313e+01
-2.54965076e+01
-2.52990417e+01
-2.51013412e+01
-2.49034004e+01
-2.47052269e+01
-2.45068188e+01
-2.43081818e+01
-2.41093140e+01
-2.39102192e+01
-2.37109013e+01
-2.35113602e+01
-2.33115959e+01
-2.31116123e+01
-2.29114094e+01
-2.27109909e+01
-2.25103607e+01
-2.23095188e+01
-2.21084652e+01
-2.19072037e+01
-2.17057343e+01
-2.15040607e+01
-2.13021832e+01
-2.11001091e+01
-2.08978348e+01
-2.06953621e+01
-2.04926949e+01
-2.02898350e+01
-2.00867844e+01
-1.98835430e+01
-1.96801167e+01
-1.94765034e+01
-1.92727070e+01
-1.90687294e+01
-1.88645706e+01
-1.86602325e+01
-1.84557209e+01
-1.82510376e+01
-1.80461826e+01
-1.78411560e+01
-1.76359596e+01
-1.74305992e+01
-1.72250729e+01
-1.70193844e+01
-1.68135357e+01
-1.66075287e+01
-1.64013672e+01
-1.61950474e+01
-1.59885788e+01
-1.57819576e+01
-1.55751877e+01
-1.53682718e+01
-1.51612110e+01
-1.49540071e+01
-1.47466612e+01
-1.45391769e+01
-1.43315573e+01
-1.41238022e+01
-1.39159117e+01
-1.37078934e+01
-1.34997435e+01
-1.32914686e+01
-1.30830660e+01
-1.28745413e+01
-1.26658955e+01
-1.24571295e+01
-1.22482462e+01
-1.20392485e+01
-1.18301363e+01
-1.16209135e+01
-1.14115810e+01
-1.12021399e+01
-1.09925957e+01
-1.07829456e+01
-1.05731945e+01
-1.03633442e+01
-1.01533966e+01
-9.94335365e+00
-9.73321533e+00
-9.52298737e+00
-9.31266785e+00
-9.10226059e+00
-8.89176846e+00
-8.68119240e+00
-8.47053432e+00
-8.25979710e+00
-8.04898167e+00
-7.83809090e+00
-7.62712574e+00
-7.41608858e+00
-7.20498180e+00
-6.99380684e+00
-6.78256607e+00
-6.57126141e+00
-6.35989475e+00
-6.14846849e+00
-5.93698359e+00
-5.72544289e+00
-5.51384926e+00
-5.30220318e+00
-5.09050703e+00
-4.87876272e+00
-4.66697264e+00
-4.45513868e+00
-4.24326277e+00
-4.03134680e+00
-3.81939268e+00
-3.60740256e+00
-3.39537883e+00
-3.18332291e+00
-2.97123694e+00
-2.75912285e+00
-2.54698300e+00
-2.33481908e+00
-2.12263322e+00
-1.91042721e+00
-1.69820333e+00
-1.48596346e+00
-1.27371049e+00
-1.06145644e+00
-8.49307060e-01
-6.37981415e-01
-4.30855215e-01
-2.37833485e-01
-7.25512281e-02
7.25512281e-02
2.37833485e-01
