-7.51316595e+00
-2.42765737e+00
2.42765737e+00
7.51316595e+00
1.30740747e+01
1.90349998e+01
2.52114525e+01
3.14716034e+01
3.77564049e+01
4.40466919e+01
5.03376694e+01
5.66283417e+01
6.29184990e+01
6.92080688e+01
7.54969864e+01
8.17851868e+01
8.80726166e+01
9.43592148e+01
1.00644936e+02
1.06929695e+02
1.13213463e+02
1.19496155e+02
1.25777710e+02
1.32058105e+02
1.38337234e+02
1.44615067e+02
1.50891541e+02
1.57166580e+02
1.63440155e+02
1.69712189e+02
1.75982620e+02
1.82251389e+02
1.88518463e+02
1.94783722e+02
2.01047165e+02
2.07308716e+02
2.13568329e+02
2.19825897e+02
2.26081406e+02
2.32334793e+02
2.38586014e+02
2.44834961e+02
2.51081573e+02
2.57325867e+02
2.63567688e+02
2.69807068e+02
2.76043884e+02
2.82278137e+02
2.88509674e+02
2.94738525e+02
3.00964600e+02
3.07187805e+02
3.13408142e+02
3.19625549e+02
3.25839935e+02
3.32051208e+02
3.38259399e+02
3.44464417e+02
3.50666168e+02
3.56864594e+02
3.63059662e+02
3.69251312e+02
3.75439514e+02
3.81624146e+02
3.87805237e+02
3.93982574e+02
4.00156219e+02
4.06326141e+02
4.12492249e+02
4.18654449e+02
4.24812744e+02
4.30966949e+02
4.37117126e+02
4.43263214e+02
4.49405090e+02
4.55542725e+02
4.61676056e+02
4.67805084e+02
4.73929749e+02
4.80049835e+02
4.86165497e+02
4.92276550e+02
4.98382965e+02
5.04484680e+02
5.10581665e+02
5.16673828e+02
5.22761108e+02
5.28843445e+02
5.34920776e+02
5.40993103e+02
5.47060303e+02
5.53122437e+02
5.59179260e+02
5.65230896e+02
5.71277161e+02
5.77318054e+02
5.83353516e+02
5.89383484e+02
5.95407898e+02
6.01426697e+02
6.07439758e+02
6.13447205e+02
6.19448853e+02
6.25444580e+02
6.31434448e+02
6.37418457e+02
6.43396423e+02
6.49368286e+02
6.55333984e+02
6.61293701e+02
6.67246948e+02
6.73194031e+02
6.79134827e+02
6.85069153e+02
6.90997070e+02
6.96918396e+02
7.02833191e+02
7.08741333e+02
7.14642822e+02
7.20537598e+02
7.26425537e+02
7.32306763e+02
7.38181030e+02
7.44048279e+02
7.49908569e+02
7.55761719e+02
7.61607788e+02
7.67446655e+02
7.73278320e+02
7.79102783e+02
7.84919739e+02
7.90729431e+02
7.96531677e+02
8.02326477e+02
8.08113525e+02
8.13893066e+02
8.19664856e+02
8.25428955e+02
8.31185303e+02
8.36933838e+02
8.42674500e+02
8.48407227e+02
8.54131897e+02
8.59848694e+02
8.65557190e+02
8.71257568e+02
8.76949768e+02
8.82633789e+02
8.88309387e+02
8.93976501e+02
8.99635376e+02
9.05285767e+02
9.10927673e+02
9.16560913e+02
9.22185547e+02
9.27801453e+02
9.33408569e+02
9.39006958e+02
9.44596436e+02
9.50177124e+02
9.55748840e+02
9.61311462e+02
9.66865051e+02
9.72409607e+02
9.77944946e+02
9.83471069e+02
9.88987976e+02
9.94495483e+02
9.99993652e+02
1.00548248e+03
1.01096185e+03
1.01643152e+03
1.02189166e+03
1.02734229e+03
1.03278320e+03
1.03821436e+03
1.04363562e+03
1.04904712e+03
1.05444873e+03
1.05984045e+03
1.06522217e+03
1.07059399e+03
1.07595557e+03
1.08130701e+03
1.08664832e+03
1.09197937e+03
1.09730017e+03
1.10261060e+03
1.10791052e+03
1.11320020e+03
1.11847937e+03
1.12374792e+03
1.12900598e+03
1.13425330e+03
1.13948999e+03
1.14471594e+03
1.14993103e+03
1.15513525e+03
1.16032874e+03
1.16551111e+03
1.17068262e+03
1.17584314e+03
1.18099255e+03
1.18613074e+03
1.19125781e+03
1.19637366e+03
1.20147827e+03
1.20657153e+03
1.21165344e+03
1.21672412e+03
1.22178308e+03
1.22683069e+03
1.23186670e+03
1.23689099e+03
1.24190356e+03
1.24690466e+03
1.25189392e+03
1.25687134e+03
1.26183691e+03
1.26679065e+03
1.27173242e+03
1.27666223e+03
1.28158008e+03
1.28648584e+03
1.29137939e+03
1.29626074e+03
1.30113000e+03
1.30598706e+03
1.31083167e+03
1.31566394e+03
1.32048389e+03
1.32529138e+03
1.33008643e+03
1.33486865e+03
1.33963843e+03
1.34439575e+03
1.34914026e+03
1.35387219e+03
1.35859131e+03
1.36329761e+03
1.36799109e+03
1.37267175e+03
1.37733923e+03
1.38199414e+03
1.38663574e+03
1.39126440e+03
1.39587988e+03
1.40048218e+03
1.40507117e+03
1.40964697e+03
1.41420959e+03
1.41875879e+03
1.42329480e+03
1.42781750e+03
1.43232666e+03
1.43682227e+03
1.44130432e+03
1.44577258e+03
1.45022754e+03
1.45466858e+03
1.45909607e+03
1.46350977e+03
1.46790942e+03
1.47229565e+03
1.47666797e+03
1.48102625e+03
1.48537061e+03
1.48970093e+03
1.49401721e+03
1.49831958e+03
1.50260767e+03
1.50688159e+03
1.51114124e+03
1.51538696e+03
1.51961816e+03
1.52383508e+03
1.52803772e+03
1.53222595e+03
1.53639978e+03
1.54055908e+03
1.54470374e+03
1.54883411e+03
1.55294971e+03
1.55705054e+03
1.56113684e+03
1.56520862e+03
1.56926526e+03
1.57330750e+03
1.57733472e+03
1.58134705e+03
1.58534436e+03
1.58932690e+03
1.59329443e+03
1.59724695e+03
1.60118457e+03
1.60510706e+03
1.60901440e+03
1.61290662e+03
1.61678357e+03
1.62064539e+03
1.62449182e+03
1.62832300e+03
1.63213892e+03
1.63593933e+03
1.63972449e+03
1.64349402e+03
1.64724780e+03
1.65098645e+03
1.65470959e+03
1.65841699e+03
1.66210864e+03
1.66578491e+03
1.66944531e+03
1.67309009e+03
1.67671912e+03
1.68033228e+03
1.68392957e+03
1.68751099e+03
1.69107642e+03
1.69462610e+03
1.69815991e+03
1.70167749e+03
1.70517896e+03
1.70866467e+03
1.71213428e+03
1.71558765e+03
1.71902478e+03
1.72244568e+03
1.72585034e+03
1.72923889e+03
1.73261108e+03
1.73596692e+03
1.73930652e+03
1.74262939e+03
1.74593616e+03
1.74922644e+03
1.75250024e+03
1.75575745e+03
1.75899829e+03
1.76222241e+03
1.76542993e+03
1.76862085e+03
1.77179517e+03
1.77495276e+03
1.77809351e+03
1.78121765e+03
1.78432495e+03
1.78741565e+03
1.79048938e+03
1.79354602e+03
1.79658606e+03
1.79960901e+03
1.80261499e+03
1.80560400e+03
1.80857593e+03
1.81153076e+03
1.81446851e+03
1.81738928e+03
1.82029309e+03
1.82317969e+03
1.82604907e+03
1.82890137e+03
1.83173621e+03
1.83455396e+03
1.83735425e+03
1.84013721e+03
1.84290295e+03
1.84565125e+03
1.84838232e+03
1.85109595e+03
1.85379199e+03
1.85647070e+03
1.85913208e+03
1.86177539e+03
1.86440149e+03
1.86701013e+03
1.86960107e+03
1.87217432e+03
1.87473022e+03
1.87726831e+03
1.87978857e+03
1.88229138e+03
1.88477637e+03
1.88724341e+03
1.88969275e+03
1.89212427e+03
1.89453784e+03
1.89693384e+03
1.89931189e+03
1.90167212e+03
1.90401428e+03
1.90633875e+03
1.90864490e+03
1.91093311e+03
1.91320337e+03
1.91545569e+03
1.91769006e+03
1.91990625e+03
1.92210437e+03
1.92428442e+03
1.92644629e+03
1.92859009e+03
1.93071545e+03
1.93282275e+03
1.93491187e+03
1.93698279e+03
1.93903540e+03
1.94106982e+03
1.94308569e+03
1.94508350e+03
1.94706299e+03
1.94902417e+03
1.95096692e+03
1.95289136e+03
1.95479736e+03
1.95668494e+03
1.95855396e+03
1.96040466e+03
1.96223682e+03
1.96405042e+03
1.96584558e+03
1.96762244e+03
1.96938062e+03
1.97112012e+03
1.97284119e+03
1.97454382e+03
1.97622742e+03
1.97789258e+03
1.97953918e+03
1.98116711e+03
1.98277661e+03
1.98436719e+03
1.98593909e+03
1.98749219e+03
1.98902661e+03
1.99054236e+03
1.99203931e+03
1.99351746e+03
1.99497705e+03
1.99641760e+03
1.99783936e+03
1.99924219e+03
2.00062622e+03
2.00199170e+03
2.00333826e+03
2.00466577e+03
2.00597437e+03
2.00726404e+03
2.00853491e+03
2.00978699e+03
2.01102002e+03
2.01223401e+03
2.01342908e+03
2.01460522e+03
2.01576233e+03
2.01690039e+03
2.01801965e+03
2.01911963e+03
2.02020081e+03
2.02126294e+03
2.02230603e+03
2.02333008e+03
2.02433496e+03
2.02532068e+03
2.02628748e+03
2.02723523e+03
2.02816357e+03
2.02907300e+03
2.02996338e+03
2.03083472e+03
2.03168689e+03
2.03251978e+03
2.03333350e+03
2.03412830e+03
2.03490381e+03
2.03566016e+03
2.03639722e+03
2.03711499e+03
2.03781372e+03
2.03849329e+03
2.03915393e+03
2.03979504e+03
2.04041675e+03
2.04101929e+03
2.04160266e+03
2.04216711e+03
2.04271216e+03
2.04323792e+03
2.04374451e+03
2.04423181e+03
2.04469971e+03
2.04514819e+03
2.04557751e+03
2.04598767e+03
2.04637891e+03
2.04675024e+03
2.04710266e+03
2.04743567e+03
2.04774951e+03
2.04804395e+03
2.04831909e+03
2.04857495e+03
2.04881152e+03
2.04902881e+03
2.04922681e+03
2.04940552e+03
2.04956494e+03
2.04970483e+03
2.04982544e+03
2.04992700e+03
2.05000903e+03
2.05007178e+03
2.05011523e+03
2.05013916e+03
2.05014404e+03
2.05012964e+03
2.05009595e+03
2.05004297e+03
2.04997021e+03
2.04987842e+03
2.04976758e+03
2.04963696e+03
2.04948730e+03
2.04931836e+03
2.04913013e+03
2.04892261e+03
2.04869580e+03
2.04844946e+03
2.04818384e+03
2.04789917e+03
2.04759509e+03
2.04727173e+03
2.04692896e+03
2.04656702e+03
2.04618579e+03
2.04578528e+03
2.04536523e+03
2.04492615e+03
2.04446790e+03
2.04399023e+03
2.04349353e+03
2.04297754e+03
2.04244214e+03
2.04188745e+03
2.04131360e+03
2.04072046e+03
2.04010815e+03
2.03947656e+03
2.03882593e+03
2.03815601e+03
2.03746680e+03
2.03675830e+03
2.03603088e+03
2.03528430e+03
2.03451831e+03
2.03373340e+03
2.03292908e+03
2.03210571e+03
2.03126318e+03
2.03040137e+03
2.02952075e+03
2.02862073e+03
2.02770166e+03
2.02676367e+03
2.02580652e+03
2.02483008e+03
2.02383459e+03
2.02282019e+03
2.02178674e+03
2.02073425e+03
2.01966260e+03
2.01857190e+03
2.01746216e+03
2.01633350e+03
2.01518591e+03
2.01401929e+03
2.01283398e+03
2.01162939e+03
2.01040576e+03
2.00916333e+03
2.00790198e+03
2.00662158e+03
2.00532251e+03
2.00400439e+03
2.00266748e+03
2.00131152e+03
1.99993665e+03
1.99854309e+03
1.99713062e+03
1.99569946e+03
1.99424939e+03
1.99278076e+03
1.99129309e+03
1.98978687e+03
1.98826184e+03
1.98671790e+03
1.98515540e+03
1.98357410e+03
1.98197424e+03
1.98035559e+03
1.97871838e+03
1.97706226e+03
1.97538770e+03
1.97369482e+03
1.97198315e+03
1.97025293e+03
1.96850391e+03
1.96673645e+03
1.96495044e+03
1.96314587e+03
1.96132300e+03
1.95948169e+03
1.95762183e+03
1.95574341e+03
1.95384680e+03
1.95193164e+03
1.94999792e+03
1.94804602e+03
1.94607568e+03
1.94408728e+03
1.94208020e+03
1.94005493e+03
1.93801147e+03
1.93594971e+03
1.93386975e+03
1.93177124e+03
1.92965479e+03
1.92752014e+03
1.92536743e+03
1.92319653e+03
1.92100745e+03
1.91880042e+03
1.91657520e+03
1.91433179e+03
1.91207043e+03
1.90979102e+03
1.90749377e+03
1.90517859e+03
1.90284558e+03
1.90049414e+03
1.89812500e+03
1.89573804e+03
1.89333325e+03
1.89091064e+03
1.88847021e+03
1.88601196e+03
1.88353589e+03
1.88104224e+03
1.87853076e+03
1.87600146e+03
1.87345471e+03
1.87089014e+03
1.86830798e+03
1.86570825e+03
1.86309094e+03
1.86045605e+03
1.85780359e+03
1.85513367e+03
1.85244617e+03
1.84974133e+03
1.84701904e+03
1.84427954e+03
1.84152246e+03
1.83874805e+03
1.83595630e+03
1.83314734e+03
1.83032104e+03
1.82747742e+03
1.82461658e+03
1.82173865e+03
1.81884351e+03
1.81593140e+03
1.81300208e+03
1.81005554e+03
1.80709204e+03
1.80411157e+03
1.80111401e+03
1.79809961e+03
1.79506812e+03
1.79201978e+03
1.78895459e+03
1.78587244e+03
1.78277356e+03
1.77965808e+03
1.77652551e+03
1.77337622e+03
1.77021033e+03
1.76702759e+03
1.76382837e+03
1.76061243e+03
1.75738000e+03
1.75413098e+03
1.75086548e+03
1.74758350e+03
1.74428503e+03
1.74097009e+03
1.73763867e+03
1.73429089e+03
1.73092700e+03
1.72754663e+03
1.72415002e+03
1.72073706e+03
1.71730811e+03
1.71386292e+03
1.71040161e+03
1.70692407e+03
1.70343066e+03
1.69992090e+03
1.69639514e+03
1.69285339e+03
1.68929578e+03
1.68572241e+03
1.68213306e+03
1.67852783e+03
1.67490662e+03
1.67126990e+03
1.66761719e+03
1.66394897e+03
1.66026501e+03
1.65656543e+03
1.65285022e+03
1.64911938e+03
1.64537292e+03
1.64161084e+03
1.63783362e+03
1.63404089e+03
1.63023267e+03
1.62640942e+03
1.62257056e+03
1.61871655e+03
1.61484717e+03
1.61096252e+03
1.60706287e+03
1.60314783e+03
1.59921802e+03
1.59527307e+03
1.59131287e+03
1.58733765e+03
1.58334753e+03
1.57934265e+03
1.57532288e+03
1.57128821e+03
1.56723889e+03
1.56317456e+03
1.55909558e+03
1.55500183e+03
1.55089355e+03
1.54677075e+03
1.54263330e+03
1.53848096e+03
1.53431458e+03
1.53013367e+03
1.52593823e+03
1.52172852e+03
1.51750415e+03
1.51326587e+03
1.50901331e+03
1.50474634e+03
1.50046521e+03
1.49617004e+03
1.49186072e+03
1.48753760e+03
1.48320007e+03
1.47884875e+03
1.47448352e+03
1.47010437e+03
1.46571143e+03
1.46130457e+03
1.45688391e+03
1.45244971e+03
1.44800171e+03
1.44354016e+03
1.43906494e+03
1.43457593e+03
1.43007361e+03
1.42555798e+03
1.42102869e+03
1.41648596e+03
1.41193005e+03
1.40736096e+03
1.40277844e+03
1.39818274e+03
1.39357373e+03
1.38895166e+03
1.38431653e+03
1.37966846e+03
1.37500720e+03
1.37033301e+03
1.36564600e+03
1.36094617e+03
1.35623340e+03
1.35150793e+03
1.34676978e+03
1.34201892e+03
1.33725525e+03
1.33247913e+03
1.32769043e+03
1.32288928e+03
1.31807556e+03
1.31324939e+03
1.30841077e+03
1.30355994e+03
1.29869690e+03
1.29382178e+03
1.28893408e+03
1.28403442e+03
1.27912268e+03
1.27419897e+03
1.26926306e+03
1.26431519e+03
1.25935571e+03
1.25438416e+03
1.24940076e+03
1.24440552e+03
1.23939868e+03
1.23438013e+03
1.22935010e+03
1.22430835e+03
1.21925500e+03
1.21419031e+03
1.20911401e+03
1.20402649e+03
1.19892749e+03
1.19381714e+03
1.18869568e+03
1.18356299e+03
1.17841919e+03
1.17326428e+03
1.16809827e+03
1.16292126e+03
1.15773340e+03
1.15253455e+03
1.14732483e+03
1.14210425e+03
1.13687292e+03
1.13163098e+03
1.12637830e+03
1.12111499e+03
1.11584106e+03
1.11055688e+03
1.10526208e+03
1.09995679e+03
1.09464124e+03
1.08931519e+03
1.08397900e+03
1.07863269e+03
1.07327612e+03
1.06790942e+03
1.06253271e+03
1.05714600e+03
1.05174927e+03
1.04634277e+03
1.04092615e+03
1.03549988e+03
1.03006384e+03
1.02461816e+03
1.01916290e+03
1.01369788e+03
1.00822339e+03
1.00273938e+03
9.97245850e+02
9.91742920e+02
9.86230713e+02
9.80709229e+02
9.75178528e+02
9.69638550e+02
9.64089478e+02
9.58531250e+02
9.52964111e+02
9.47388000e+02
9.41802856e+02
9.36208923e+02
9.30606079e+02
9.24994507e+02
9.19374329e+02
9.13745300e+02
9.08107788e+02
9.02461792e+02
8.96807190e+02
8.91144104e+02
8.85472717e+02
8.79792969e+02
8.74104797e+02
8.68408447e+02
8.62704041e+02
8.56991394e+02
8.51270630e+02
8.45541870e+02
8.39805237e+02
8.34060669e+02
8.28308228e+02
8.22548035e+02
8.16780029e+02
8.11004333e+02
8.05220886e+02
7.99429932e+02
7.93631592e+02
7.87825623e+02
7.82012329e+02
7.76191589e+02
7.70363525e+02
7.64528198e+02
7.58685730e+02
7.52835999e+02
7.46979248e+02
7.41115540e+02
7.35244690e+02
7.29367126e+02
7.23482544e+02
7.17591125e+02
7.11692993e+02
7.05788147e+02
6.99876648e+02
6.93958557e+02
6.88033875e+02
6.82102783e+02
6.76165283e+02
6.70221375e+02
6.64271179e+02
6.58314697e+02
6.52352051e+02
6.46383179e+02
6.40408203e+02
6.34427246e+02
6.28440308e+02
6.22447510e+02
6.16448792e+02
6.10444214e+02
6.04434021e+02
5.98418030e+02
5.92396484e+02
5.86369263e+02
5.80336548e+02
5.74298340e+02
5.68254761e+02
5.62205872e+02
5.56151611e+02
5.50092163e+02
5.44027466e+02
5.37957642e+02
5.31882751e+02
5.25802917e+02
5.19718079e+02
5.13628418e+02
5.07533783e+02
5.01434479e+02
4.95330414e+02
4.89221680e+02
4.83108337e+02
4.76990509e+02
4.70868134e+02
4.64741272e+02
4.58610077e+02
4.52474518e+02
4.46334717e+02
4.40190765e+02
4.34042572e+02
4.27890411e+02
4.21734131e+02
4.15573944e+02
4.09409760e+02
4.03241730e+02
3.97069977e+02
3.90894409e+02
3.84715210e+02
3.78532349e+02
3.72345947e+02
3.66156006e+02
3.59962585e+02
3.53765808e+02
3.47565735e+02
3.41362366e+02
3.35155762e+02
3.28946045e+02
3.22733215e+02
3.16517303e+02
3.10298431e+02
3.04076630e+02
2.97851990e+02
2.91624512e+02
2.85394287e+02
2.79161407e+02
2.72925903e+02
2.66687805e+02
2.60447174e+02
2.54204071e+02
2.47958603e+02
2.41710815e+02
2.35460739e+02
2.29208481e+02
2.22954010e+02
2.16697433e+02
2.10438843e+02
2.04178268e+02
1.97915771e+02
1.91651382e+02
1.85385208e+02
1.79117279e+02
1.72847656e+02
1.66576431e+02
1.60303619e+02
1.54029297e+02
1.47753525e+02
1.41476364e+02
1.35197876e+02
1.28918121e+02
1.22637146e+02
1.16355011e+02
1.10071770e+02
1.03787498e+02
9.75022430e+01
9.12160873e+01
8.49290543e+01
7.86412430e+01
7.23526688e+01
6.60634232e+01
5.97735481e+01
5.34831161e+01
4.71921768e+01
4.09007950e+01
3.46090279e+01
2.83169327e+01
2.20245705e+01
1.57320004e+01
9.43928432e+00
3.14647865e+00
-3.14635682e+00
-9.43916321e+00
-1.57318802e+01
-2.20244484e+01
-2.83168106e+01
-3.46089020e+01
-4.09006691e+01
-4.71920547e+01
-5.34829941e+01
-5.97734261e+01
-6.60633087e+01
-7.23525543e+01
-7.86411133e+01
-8.49289398e+01
-9.12159576e+01
-9.75021286e+01
-1.03787384e+02
-1.10071655e+02
-1.16354897e+02
-1.22637032e+02
-1.28918030e+02
-1.35197784e+02
-1.41476273e+02
-1.47753433e+02
-1.54029190e+02
-1.60303513e+02
-1.66576324e+02
-1.72847565e+02
-1.79117188e+02
-1.85385117e+02
-1.91651291e+02
-1.97915665e+02
-2.04178131e+02
-2.10438721e+02
-2.16697296e+02
-2.22953857e+02
-2.29208313e+02
-2.35460617e+02
-2.41710663e+02
-2.47958481e+02
-2.54203964e+02
-2.60447021e+02
-2.66687622e+02
-2.72925751e+02
-2.79161285e+02
-2.85394196e+02
-2.91624390e+02
-2.97851837e+02
-3.04076508e+02
-3.10298309e+02
-3.16517151e+02
-3.22733063e+02
-3.28945923e+02
-3.35155701e+02
-3.41362305e+02
-3.47565643e+02
-3.53765778e+02
-3.59962524e+02
-3.66155884e+02
-3.72345825e+02
-3.78532227e+02
-3.84715057e+02
-3.90894287e+02
-3.97069824e+02
-4.03241669e+02
-4.09409607e+02
-4.15573822e+02
-4.21734039e+02
-4.27890320e+02
-4.34042480e+02
-4.40190613e+02
-4.46334595e+02
-4.52474365e+02
-4.58609924e+02
-4.64741150e+02
-4.70867981e+02
-4.76990326e+02
-4.83108246e+02
-4.89221588e+02
-4.95330292e+02
-5.01434326e+02
-5.07533661e+02
-5.13628235e+02
-5.19717957e+02
-5.25802795e+02
-5.31882629e+02
-5.37957520e+02
-5.44027344e+02
-5.50091980e+02
-5.56151489e+02
-5.62205750e+02
-5.68254639e+02
-5.74298279e+02
-5.80336426e+02
-5.86369080e+02
-5.92396301e+02
-5.98417908e+02
-6.04433899e+02
-6.10444092e+02
-6.16448608e+02
-6.22447327e+02
-6.28440247e+02
-6.34427185e+02
-6.40408142e+02
-6.46382996e+02
-6.52351868e+02
-6.58314575e+02
-6.64271057e+02
-6.70221252e+02
-6.76165161e+02
-6.82102661e+02
-6.88033752e+02
-6.93958374e+02
-6.99876465e+02
-7.05787964e+02
-7.11692810e+02
-7.17591064e+02
-7.23482422e+02
-7.29366943e+02
-7.35244568e+02
-7.41115295e+02
-7.46979126e+02
-7.52835938e+02
-7.58685547e+02
-7.64528137e+02
-7.70363342e+02
-7.76191528e+02
-7.82012207e+02
-7.87825500e+02
-7.93631470e+02
-7.99429871e+02
-8.05220825e+02
-8.11004150e+02
-8.16779785e+02
-8.22547852e+02
-8.28308044e+02
-8.34060486e+02
-8.39805176e+02
-8.45541809e+02
-8.51270508e+02
-8.56991211e+02
-8.62703857e+02
-8.68408325e+02
-8.74104614e+02
-8.79792786e+02
-8.85472534e+02
-8.91144043e+02
-8.96807007e+02
-9.02461609e+02
-9.08107727e+02
-9.13745300e+02
-9.19374207e+02
-9.24994446e+02
-9.30606018e+02
-9.36208801e+02
-9.41802795e+02
-9.47387817e+02
-9.52963989e+02
-9.58531250e+02
-9.64089355e+02
-9.69638489e+02
-9.75178406e+02
-9.80709106e+02
-9.86230652e+02
-9.91742920e+02
-9.97245789e+02
-1.00273920e+03
-1.00822327e+03
-1.01369769e+03
-1.01916272e+03
-1.02461816e+03
-1.03006384e+03
-1.03549988e+03
-1.04092615e+03
-1.04634265e+03
-1.05174927e+03
-1.05714600e+03
-1.06253271e+03
-1.06790942e+03
-1.07327600e+03
-1.07863257e+03
-1.08397888e+03
-1.08931519e+03
-1.09464099e+03
-1.09995667e+03
-1.10526184e+03
-1.11055664e+03
-1.11584106e+03
-1.12111499e+03
-1.12637817e+03
-1.13163086e+03
-1.13687292e+03
-1.14210425e+03
-1.14732471e+03
-1.15253430e+03
-1.15773328e+03
-1.16292126e+03
-1.16809827e+03
-1.17326428e+03
-1.17841919e+03
-1.18356299e+03
-1.18869568e+03
-1.19381714e+03
-1.19892749e+03
-1.20402637e+03
-1.20911389e+03
-1.21419006e+03
-1.21925476e+03
-1.22430811e+03
-1.22934985e+03
-1.23438013e+03
-1.23939856e+03
-1.24440552e+03
-1.24940076e+03
-1.25438416e+03
-1.25935559e+03
-1.26431519e+03
-1.26926306e+03
-1.27419897e+03
-1.27912268e+03
-1.28403430e+03
-1.28893396e+03
-1.29382153e+03
-1.29869678e+03
-1.30355994e+03
-1.30841077e+03
-1.31324927e+03
-1.31807544e+03
-1.32288916e+03
-1.32769043e+03
-1.33247913e+03
-1.33725525e+03
-1.34201880e+03
-1.34676965e+03
-1.35150781e+03
-1.35623328e+03
-1.36094617e+03
-1.36564587e+03
-1.37033301e+03
-1.37500708e+03
-1.37966833e+03
-1.38431653e+03
-1.38895166e+03
-1.39357361e+03
-1.39818250e+03
-1.40277832e+03
-1.40736084e+03
-1.41193005e+03
-1.41648596e+03
-1.42102869e+03
-1.42555798e+03
-1.43007361e+03
-1.43457593e+03
-1.43906482e+03
-1.44353992e+03
-1.44800171e+03
-1.45244958e+03
-1.45688379e+03
-1.46130444e+03
-1.46571130e+03
-1.47010437e+03
-1.47448340e+03
-1.47884875e+03
-1.48320007e+03
-1.48753760e+03
-1.49186072e+03
-1.49617004e+03
-1.50046521e+03
-1.50474634e+03
-1.50901331e+03
-1.51326587e+03
-1.51750415e+03
-1.52172852e+03
-1.52593823e+03
-1.53013367e+03
-1.53431458e+03
-1.53848096e+03
-1.54263330e+03
-1.54677075e+03
-1.55089355e+03
-1.55500183e+03
-1.55909558e+03
-1.56317456e+03
-1.56723889e+03
-1.57128821e+03
-1.57532288e+03
-1.57934265e+03
-1.58334753e+03
-1.58733765e+03
-1.59131287e+03
-1.59527307e+03
-1.59921802e+03
-1.60314783e+03
-1.60706287e+03
-1.61096252e+03
-1.61484717e+03
-1.61871655e+03
-1.62257056e+03
-1.62640942e+03
-1.63023267e+03
-1.63404089e+03
-1.63783362e+03
-1.64161084e+03
-1.64537280e+03
-1.64911914e+03
-1.65284985e+03
-1.65656506e+03
-1.66026465e+03
-1.66394873e+03
-1.66761719e+03
-1.67126965e+03
-1.67490649e+03
-1.67852747e+03
-1.68213281e+03
-1.68572217e+03
-1.68929578e+03
-1.69285339e+03
-1.69639502e+03
-1.69992065e+03
-1.70343030e+03
-1.70692395e+03
-1.71040149e+03
-1.71386279e+03
-1.71730811e+03
-1.72073706e+03
-1.72415002e+03
-1.72754663e+03
-1.73092700e+03
-1.73429089e+03
-1.73763867e+03
-1.74096997e+03
-1.74428491e+03
-1.74758325e+03
-1.75086536e+03
-1.75413098e+03
-1.75738000e+03
-1.76061243e+03
-1.76382837e+03
-1.76702759e+03
-1.77021033e+03
-1.77337622e+03
-1.77652539e+03
-1.77965759e+03
-1.78277319e+03
-1.78587231e+03
-1.78895447e+03
-1.79201965e+03
-1.79506787e+03
-1.79809937e+03
-1.80111389e+03
-1.80411157e+03
-1.80709204e+03
-1.81005554e+03
-1.81300208e+03
-1.81593140e+03
-1.81884351e+03
-1.82173865e+03
-1.82461658e+03
-1.82747729e+03
-1.83032080e+03
-1.83314697e+03
-1.83595605e+03
-1.83874805e+03
-1.84152246e+03
-1.84427954e+03
-1.84701904e+03
-1.84974133e+03
-1.85244617e+03
-1.85513367e+03
-1.85780359e+03
-1.86045605e+03
-1.86309094e+03
-1.86570825e+03
-1.86830798e+03
-1.87089014e+03
-1.87345459e+03
-1.87600134e+03
-1.87853040e+03
-1.88104199e+03
-1.88353589e+03
-1.88601196e+03
-1.88847021e+03
-1.89091064e+03
-1.89333325e+03
-1.89573804e+03
-1.89812500e+03
-1.90049414e+03
-1.90284534e+03
-1.90517847e+03
-1.90749365e+03
-1.90979089e+03
-1.91207031e+03
-1.91433179e+03
-1.91657520e+03
-1.91880042e+03
-1.92100745e+03
-1.92319653e+03
-1.92536743e+03
-1.92752014e+03
-1.92965479e+03
-1.93177124e+03
-1.93386975e+03
-1.93594971e+03
-1.93801147e+03
-1.94005493e+03
-1.94208020e+03
-1.94408728e+03
-1.94607568e+03
-1.94804602e+03
-1.94999792e+03
-1.95193140e+03
-1.95384656e+03
-1.95574329e+03
-1.95762158e+03
-1.95948169e+03
-1.96132300e+03
-1.96314587e+03
-1.96495044e+03
-1.96673645e+03
-1.96850391e+03
-1.97025293e+03
-1.97198315e+03
-1.97369482e+03
-1.97538770e+03
-1.97706226e+03
-1.97871814e+03
-1.98035547e+03
-1.98197424e+03
-1.98357410e+03
-1.98515540e+03
-1.98671790e+03
-1.98826184e+03
-1.98978687e+03
-1.99129309e+03
-1.99278076e+03
-1.99424939e+03
-1.99569946e+03
-1.99713062e+03
-1.99854297e+03
-1.99993640e+03
-2.00131128e+03
-2.00266724e+03
-2.00400427e+03
-2.00532251e+03
-2.00662158e+03
-2.00790198e+03
-2.00916333e+03
-2.01040576e+03
-2.01162939e+03
-2.01283398e+03
-2.01401929e+03
-2.01518591e+03
-2.01633350e+03
-2.01746216e+03
-2.01857190e+03
-2.01966260e+03
-2.02073425e+03
-2.02178674e+03
-2.02282019e+03
-2.02383459e+03
-2.02483008e+03
-2.02580652e+03
-2.02676367e+03
-2.02770166e+03
-2.02862073e+03
-2.02952075e+03
-2.03040137e+03
-2.03126318e+03
-2.03210571e+03
-2.03292908e+03
-2.03373340e+03
-2.03451831e+03
-2.03528430e+03
-2.03603088e+03
-2.03675830e+03
-2.03746680e+03
-2.03815601e+03
-2.03882593e+03
-2.03947656e+03
-2.04010815e+03
-2.04072046e+03
-2.04131360e+03
-2.04188745e+03
-2.04244202e+03
-2.04297754e+03
-2.04349353e+03
-2.04399023e+03
-2.04446790e+03
-2.04492615e+03
-2.04536523e+03
-2.04578528e+03
-2.04618579e+03
-2.04656702e+03
-2.04692896e+03
-2.04727173e+03
-2.04759509e+03
-2.04789917e+03
-2.04818384e+03
-2.04844946e+03
-2.04869580e+03
-2.04892261e+03
-2.04913013e+03
-2.04931836e+03
-2.04948730e+03
-2.04963696e+03
-2.04976758e+03
-2.04987842e+03
-2.04997021e+03
-2.05004297e+03
-2.05009595e+03
-2.05012964e+03
-2.05014404e+03
-2.05013916e+03
-2.05011523e+03
-2.05007178e+03
-2.05000903e+03
-2.04992700e+03
-2.04982544e+03
-2.04970483e+03
-2.04956494e+03
-2.04940552e+03
-2.04922681e+03
-2.04902881e+03
-2.04881152e+03
-2.04857495e+03
-2.04831909e+03
-2.04804395e+03
-2.04774951e+03
-2.04743567e+03
-2.04710266e+03
-2.04675024e+03
-2.04637891e+03
-2.04598767e+03
-2.04557751e+03
-2.04514819e+03
-2.04469971e+03
-2.04423181e+03
-2.04374451e+03
-2.04323792e+03
-2.04271216e+03
-2.04216711e+03
-2.04160266e+03
-2.04101929e+03
-2.04041675e+03
-2.03979504e+03
-2.03915393e+03
-2.03849329e+03
-2.03781372e+03
-2.03711499e+03
-2.03639722e+03
-2.03566016e+03
-2.03490381e+03
-2.03412830e+03
-2.03333350e+03
-2.03251978e+03
-2.03168689e+03
-2.03083472e+03
-2.02996338e+03
-2.02907324e+03
-2.02816406e+03
-2.02723535e+03
-2.02628748e+03
-2.02532068e+03
-2.02433496e+03
-2.02333008e+03
-2.02230603e+03
-2.02126294e+03
-2.02020081e+03
-2.01911963e+03
-2.01801965e+03
-2.01690039e+03
-2.01576233e+03
-2.01460522e+03
-2.01342908e+03
-2.01223401e+03
-2.01102002e+03
-2.00978699e+03
-2.00853491e+03
-2.00726404e+03
-2.00597437e+03
-2.00466577e+03
-2.00333826e+03
-2.00199170e+03
-2.00062622e+03
-1.99924219e+03
-1.99783936e+03
-1.99641760e+03
-1.99497705e+03
-1.99351746e+03
-1.99203931e+03
-1.99054236e+03
-1.98902661e+03
-1.98749219e+03
-1.98593909e+03
-1.98436719e+03
-1.98277661e+03
-1.98116711e+03
-1.97953918e+03
-1.97789258e+03
-1.97622742e+03
-1.97454382e+03
-1.97284119e+03
-1.97112024e+03
-1.96938074e+03
-1.96762256e+03
-1.96584595e+03
-1.96405054e+03
-1.96223706e+03
-1.96040491e+03
-1.95855408e+03
-1.95668494e+03
-1.95479736e+03
-1.95289136e+03
-1.95096704e+03
-1.94902429e+03
-1.94706323e+03
-1.94508350e+03
-1.94308569e+03
-1.94106982e+03
-1.93903540e+03
-1.93698279e+03
-1.93491187e+03
-1.93282275e+03
-1.93071545e+03
-1.92859009e+03
-1.92644629e+03
-1.92428442e+03
-1.92210437e+03
-1.91990625e+03
-1.91769006e+03
-1.91545569e+03
-1.91320349e+03
-1.91093335e+03
-1.90864490e+03
-1.90633875e+03
-1.90401428e+03
-1.90167212e+03
-1.89931189e+03
-1.89693384e+03
-1.89453784e+03
-1.89212427e+03
-1.88969275e+03
-1.88724341e+03
-1.88477637e+03
-1.88229138e+03
-1.87978857e+03
-1.87726831e+03
-1.87473035e+03
-1.87217456e+03
-1.86960132e+03
-1.86701025e+03
-1.86440173e+03
-1.86177576e+03
-1.85913208e+03
-1.85647083e+03
-1.85379199e+03
-1.85109595e+03
-1.84838232e+03
-1.84565125e+03
-1.84290295e+03
-1.84013721e+03
-1.83735425e+03
-1.83455396e+03
-1.83173621e+03
-1.82890137e+03
-1.82604907e+03
-1.82317969e+03
-1.82029309e+03
-1.81738928e+03
-1.81446851e+03
-1.81153076e+03
-1.80857593e+03
-1.80560400e+03
-1.80261499e+03
-1.79960901e+03
-1.79658606e+03
-1.79354602e+03
-1.79048938e+03
-1.78741565e+03
-1.78432495e+03
-1.78121765e+03
-1.77809351e+03
-1.77495276e+03
-1.77179517e+03
-1.76862085e+03
-1.76542993e+03
-1.76222241e+03
-1.75899829e+03
-1.75575757e+03
-1.75250037e+03
-1.74922656e+03
-1.74593640e+03
-1.74262976e+03
-1.73930652e+03
-1.73596704e+03
-1.73261108e+03
-1.72923889e+03
-1.72585034e+03
-1.72244568e+03
-1.71902478e+03
-1.71558765e+03
-1.71213428e+03
-1.70866479e+03
-1.70517932e+03
-1.70167773e+03
-1.69816016e+03
-1.69462646e+03
-1.69107690e+03
-1.68751123e+03
-1.68392969e+03
-1.68033228e+03
-1.67671912e+03
-1.67309021e+03
-1.66944568e+03
-1.66578503e+03
-1.66210889e+03
-1.65841699e+03
-1.65470959e+03
-1.65098645e+03
-1.64724780e+03
-1.64349402e+03
-1.63972449e+03
-1.63593933e+03
-1.63213892e+03
-1.62832312e+03
-1.62449182e+03
-1.62064539e+03
-1.61678381e+03
-1.61290674e+03
-1.60901465e+03
-1.60510742e+03
-1.60118494e+03
-1.59724744e+03
-1.59329480e+03
-1.58932727e+03
-1.58534473e+03
-1.58134705e+03
-1.57733472e+03
-1.57330750e+03
-1.56926526e+03
-1.56520862e+03
-1.56113684e+03
-1.55705066e+03
-1.55294971e+03
-1.54883411e+03
-1.54470374e+03
-1.54055908e+03
-1.53639978e+03
-1.53222595e+03
-1.52803784e+03
-1.52383508e+03
-1.51961816e+03
-1.51538696e+03
-1.51114124e+03
-1.50688159e+03
-1.50260779e+03
-1.49831958e+03
-1.49401746e+03
-1.48970093e+03
-1.48537061e+03
-1.48102625e+03
-1.47666797e+03
-1.47229565e+03
-1.46790955e+03
-1.46350977e+03
-1.45909607e+03
-1.45466858e+03
-1.45022754e+03
-1.44577258e+03
-1.44130432e+03
-1.43682227e+03
-1.43232666e+03
-1.42781750e+03
-1.42329492e+03
-1.41875903e+03
-1.41420984e+03
-1.40964722e+03
-1.40507129e+03
-1.40048218e+03
-1.39587988e+03
-1.39126440e+03
-1.38663574e+03
-1.38199414e+03
-1.37733936e+03
-1.37267188e+03
-1.36799121e+03
-1.36329785e+03
-1.35859155e+03
-1.35387244e+03
-1.34914050e+03
-1.34439587e+03
-1.33963855e+03
-1.33486865e+03
-1.33008643e+03
-1.32529138e+03
-1.32048401e+03
-1.31566406e+03
-1.31083167e+03
-1.30598706e+03
-1.30113000e+03
-1.29626074e+03
-1.29137939e+03
-1.28648584e+03
-1.28158008e+03
-1.27666235e+03
-1.27173254e+03
-1.26679077e+03
-1.26183704e+03
-1.25687146e+03
-1.25189392e+03
-1.24690466e+03
-1.24190356e+03
-1.23689099e+03
-1.23186670e+03
-1.22683069e+03
-1.22178308e+03
-1.21672412e+03
-1.21165344e+03
-1.20657166e+03
-1.20147839e+03
-1.19637390e+03
-1.19125806e+03
-1.18613086e+03
-1.18099255e+03
-1.17584314e+03
-1.17068274e+03
-1.16551123e+03
-1.16032874e+03
-1.15513538e+03
-1.14993115e+03
-1.14471594e+03
-1.13948999e+03
-1.13425330e+03
-1.12900598e+03
-1.12374792e+03
-1.11847949e+03
-1.11320032e+03
-1.10791077e+03
-1.10261072e+03
-1.09730029e+03
-1.09197961e+03
-1.08664844e+03
-1.08130713e+03
-1.07595569e+03
-1.07059412e+03
-1.06522241e+03
-1.05984058e+03
-1.05444897e+03
-1.04904724e+03
-1.04363574e+03
-1.03821436e+03
-1.03278320e+03
-1.02734241e+03
-1.02189185e+03
-1.01643164e+03
-1.01096185e+03
-1.00548248e+03
-9.99993774e+02
-9.94495605e+02
-9.88988037e+02
-9.83471191e+02
-9.77945068e+02
-9.72409729e+02
-9.66865234e+02
-9.61311584e+02
-9.55748840e+02
-9.50177246e+02
-9.44596497e+02
-9.39007019e+02
-9.33408691e+02
-9.27801514e+02
-9.22185547e+02
-9.16560974e+02
-9.10927734e+02
-9.05285950e+02
-8.99635620e+02
-8.93976685e+02
-8.88309448e+02
-8.82633789e+02
-8.76949829e+02
-8.71257690e+02
-8.65557373e+02
-8.59848755e+02
-8.54132080e+02
-8.48407410e+02
-8.42674683e+02
-8.36934082e+02
-8.31185486e+02
-8.25429199e+02
-8.19665039e+02
-8.13893188e+02
-8.08113647e+02
-8.02326477e+02
-7.96531738e+02
-7.90729553e+02
-7.84919800e+02
-7.79102783e+02
-7.73278442e+02
-7.67446777e+02
-7.61607910e+02
-7.55761780e+02
-7.49908630e+02
-7.44048340e+02
-7.38181091e+02
-7.32306824e+02
-7.26425659e+02
-7.20537720e+02
-7.14642883e+02
-7.08741333e+02
-7.02833252e+02
-6.96918457e+02
-6.90997070e+02
-6.85069214e+02
-6.79134888e+02
-6.73194153e+02
-6.67247070e+02
-6.61293762e+02
-6.55334167e+02
-6.49368408e+02
-6.43396545e+02
-6.37418640e+02
-6.31434631e+02
-6.25444702e+02
-6.19448975e+02
-6.13447327e+02
-6.07439880e+02
-6.01426758e+02
-5.95407959e+02
-5.89383606e+02
-5.83353577e+02
-5.77318176e+02
-5.71277283e+02
-5.65231018e+02
-5.59179382e+02
-5.53122498e+02
-5.47060425e+02
-5.40993225e+02
-5.34920959e+02
-5.28843567e+02
-5.22761169e+02
-5.16673950e+02
-5.10581787e+02
-5.04484802e+02
-4.98383087e+02
-4.92276703e+02
-4.86165619e+02
-4.80050018e+02
-4.73929871e+02
-4.67805237e+02
-4.61676270e+02
-4.55542908e+02
-4.49405212e+02
-4.43263336e+02
-4.37117249e+02
-4.30967072e+02
-4.24812805e+02
-4.18654572e+02
-4.12492401e+02
-4.06326294e+02
-4.00156403e+02
-3.93982697e+02
-3.87805298e+02
-3.81624298e+02
-3.75439636e+02
-3.69251434e+02
-3.63059784e+02
-3.56864716e+02
-3.50666290e+02
-3.44464508e+02
-3.38259552e+02
-3.32051331e+02
-3.25840027e+02
-3.19625671e+02
-3.13408325e+02
-3.07187988e+02
-3.00964722e+02
-2.94738647e+02
-2.88509827e+02
-2.82278259e+02
-2.76044006e+02
-2.69807190e+02
-2.63567810e+02
-2.57325958e+02
-2.51081680e+02
-2.44835052e+02
-2.38586105e+02
-2.32334946e+02
-2.26081558e+02
-2.19826035e+02
-2.13568451e+02
-2.07308868e+02
-2.01047318e+02
-1.94783875e+02
-1.88518600e+02
-1.82251526e+02
-1.75982742e+02
-1.69712311e+02
-1.63440277e+02
-1.57166733e+02
-1.50891678e+02
-1.44615204e+02
-1.38337372e+02
-1.32058228e+02
-1.25777847e+02
-1.19496284e+02
-1.13213593e+02
-1.06929832e+02
-1.00645065e+02
-9.43593445e+01
-8.80727386e+01
-8.17853088e+01
-7.54971008e+01
-6.92081833e+01
-6.29186172e+01
-5.66284599e+01
-5.03377914e+01
-4.40468178e+01
-3.77565269e+01
-3.14717293e+01
-2.52115726e+01
-1.90351143e+01
-1.30741758e+01
-7.51323986e+00
-2.42768526e+00
2.42768526e+00
7.51323986e+00
