-7.90992694e-04
1.20539474e-03
-1.20539474e-03
7.90992694e-04
-3.31824675e-04
8.41649089e-05
-1.19201804e-05
9.20874697e-07
-3.56081209e-08
-1.02746978e-09
2.14770601e-09
-1.86751126e-09
7.32541083e-10
3.63544722e-10
-2.64409328e-10
-1.25379107e-09
3.25604521e-09
-4.47505055e-09
4.12799528e-09
-2.45432652e-09
4.93220298e-10
9.51456136e-10
-1.72123216e-09
2.05250217e-09
-2.45542608e-09
3.27881411e-09
-4.37222436e-09
5.42941070e-09
-6.16170404e-09
6.07663608e-09
-4.63133976e-09
1.87452698e-09
1.37723621e-09
-4.30284564e-09
6.40692033e-09
-6.99452896e-09
5.44864598e-09
-1.95069294e-09
-2.69311085e-09
7.38381845e-09
-1.13249445e-08
1.46793493e-08
-1.68210690e-08
1.46470480e-08
-6.46295906e-09
-3.48264328e-09
8.32075919e-09
-5.36647793e-09
-2.24086238e-09
9.76745262e-09
-1.55657691e-08
1.97841583e-08
-2.05970956e-08
1.61893166e-08
-7.83993581e-09
-1.31825884e-09
7.71305775e-09
-9.02278074e-09
6.49804877e-09
-3.52231178e-09
2.54158938e-09
-4.15077217e-09
6.66672539e-09
-6.70636302e-09
2.64813527e-09
2.93330027e-09
-6.27236529e-09
7.00685732e-09
-7.31538030e-09
7.82442644e-09
-7.92271848e-09
7.86422483e-09
-7.28068361e-09
4.91664887e-09
-1.03889120e-09
-2.48799870e-09
4.00488265e-09
-3.10023740e-09
4.76043371e-10
2.01814521e-09
-1.61084823e-09
-2.06535589e-09
4.98648145e-09
-3.20250981e-09
-2.16707741e-09
5.25278754e-09
-1.49188439e-09
-5.38273781e-09
6.93337077e-09
-8.21201995e-10
-8.38209857e-09
1.64394649e-08
-2.26056365e-08
2.76407981e-08
-3.06750323e-08
3.07484989e-08
-2.97061167e-08
2.75197252e-08
-2.04624158e-08
9.28600219e-09
3.11627252e-11
-5.10209830e-09
8.76938167e-09
-1.47581671e-08
2.43000837e-08
-3.25507550e-08
3.06473495e-08
-1.66951590e-08
1.34773903e-09
4.35630554e-09
-2.44380671e-09
6.45469955e-10
1.96008487e-10
-1.29339084e-09
-6.80852819e-10
6.78345424e-09
-1.18406067e-08
1.27674369e-08
-1.40339189e-08
1.95240730e-08
-2.34442368e-08
1.70879737e-08
-2.29065211e-09
-1.05106590e-08
1.48198804e-08
-1.09759846e-08
2.76806400e-09
3.63066954e-09
-5.34554356e-09
5.75108849e-09
-6.11499473e-09
4.55796867e-09
-3.87412680e-09
7.37460848e-09
-1.18542784e-08
1.33059377e-08
-1.24141319e-08
1.20279982e-08
-1.34606788e-08
1.44934535e-08
-1.25035760e-08
8.86135254e-09
-5.78928594e-09
3.67798481e-09
-4.35347891e-09
9.91055948e-09
-1.78880963e-08
2.30952129e-08
-2.30654020e-08
1.79637816e-08
-8.30481461e-09
-2.14652562e-09
6.56660237e-09
-4.42204762e-09
2.23575669e-09
-1.44611068e-09
-2.78998469e-09
1.14402630e-08
-1.91039433e-08
1.91925800e-08
-1.19024808e-08
6.61527721e-09
-9.95840210e-09
1.77831243e-08
-2.49276173e-08
3.14265378e-08
-3.50585587e-08
3.10380202e-08
-2.18354685e-08
1.44691539e-08
-7.48733431e-09
-7.01889835e-09
2.93625906e-08
-4.82930531e-08
5.03296462e-08
-3.27024949e-08
5.79896975e-09
1.71507804e-08
-2.64821303e-08
2.00497841e-08
-9.23501542e-09
8.45014902e-09
-1.55856998e-08
1.63703557e-08
-8.35919423e-09
5.63206637e-09
-1.55233906e-08
2.75563323e-08
-3.26245022e-08
3.49014115e-08
-3.78466360e-08
3.53539562e-08
-2.27445209e-08
5.36009548e-09
7.82590437e-09
-1.31938807e-08
1.06916858e-08
1.80891940e-10
-1.41007437e-08
2.05875335e-08
-1.75218648e-08
1.23031771e-08
-1.34654297e-08
2.59459849e-08
-4.26402096e-08
4.55335538e-08
-2.82382651e-08
6.92260294e-09
2.60863020e-09
-4.72606310e-09
9.33281630e-09
-1.26733548e-08
3.97784383e-09
1.84619484e-08
-4.32800960e-08
5.62139064e-08
-5.39630634e-08
4.32633627e-08
-2.89031128e-08
1.32683553e-08
-1.87177340e-09
-2.05932960e-09
2.00859551e-09
-1.87598825e-11
-7.24251148e-09
1.95841707e-08
-2.90207076e-08
2.80260686e-08
-1.63089382e-08
-4.18556523e-09
3.05847685e-08
-4.87485181e-08
4.18876809e-08
-1.67173777e-08
-2.80212409e-09
9.41785228e-09
-1.62798255e-08
2.78660490e-08
-3.15132453e-08
2.03058992e-08
-4.02486444e-09
-7.23743909e-09
1.45753738e-08
-2.07172164e-08
2.27405312e-08
-1.87664408e-08
1.20586972e-08
-7.33817096e-09
5.35472866e-09
3.10292403e-10
-1.44441845e-08
2.80232229e-08
-2.51606895e-08
3.50468055e-09
1.84223765e-08
-2.12939728e-08
8.72274430e-09
1.99244576e-09
-6.29023855e-09
1.36954030e-08
-2.74379257e-08
3.80090839e-08
-3.94699597e-08
3.57493519e-08
-2.63469975e-08
7.74469910e-09
1.17395276e-08
-2.06643591e-08
1.96829664e-08
-1.37277221e-08
1.70352954e-09
1.58103077e-08
-2.75306018e-08
2.04147828e-08
3.53970742e-09
-2.61715929e-08
3.23812870e-08
-2.72785368e-08
2.56749288e-08
-2.83164567e-08
2.46033700e-08
-1.37291671e-08
4.67070516e-09
-1.94726635e-09
3.32419803e-09
-3.30737193e-09
-2.93562374e-09
1.21080150e-08
-1.45661527e-08
6.05313977e-09
9.83748105e-09
-2.80264860e-08
4.21997761e-08
-4.38845795e-08
3.11797095e-08
-1.40481458e-08
2.76461143e-09
1.33122091e-09
8.04949218e-10
-8.20891444e-09
1.71493255e-08
-2.61468678e-08
3.20922631e-08
-2.49213734e-08
2.89264679e-09
1.96888301e-08
-2.61370854e-08
7.58845964e-09
2.99570999e-08
-6.44463682e-08
7.78638380e-08
-7.37273282e-08
6.51167227e-08
-5.37866569e-08
3.35700605e-08
-7.87575161e-09
-1.35723432e-08
2.65227200e-08
-2.79497403e-08
1.66637939e-08
-2.03342254e-09
-3.61499297e-09
7.03675396e-10
-3.77279041e-10
6.28071017e-09
-1.09597664e-08
9.92396831e-09
-2.79596080e-09
-1.05045732e-08
2.36223485e-08
-2.87541475e-08
2.75503975e-08
-2.68013167e-08
2.78351600e-08
-2.28426114e-08
5.06656406e-09
1.67891088e-08
-2.56243240e-08
1.76074408e-08
-6.06800299e-09
2.99836489e-09
-8.58002025e-09
2.16175930e-08
-3.92300095e-08
4.76061217e-08
-3.90858403e-08
2.47149039e-08
-9.95132154e-09
-1.62910503e-08
5.36200986e-08
-7.73686324e-08
6.76364493e-08
-3.39901547e-08
3.98168964e-09
1.89344984e-09
1.50604684e-08
-3.61151429e-08
4.38465904e-08
-3.23716378e-08
8.29626501e-09
1.05358016e-08
-1.21846515e-08
6.17193763e-09
-8.65542216e-09
2.00887413e-08
-2.77630718e-08
2.52416275e-08
-2.09065725e-08
2.61521791e-08
-3.94098834e-08
4.57534846e-08
-3.54937058e-08
1.79945605e-08
-7.22953297e-09
1.33623834e-09
1.04285753e-08
-2.75340444e-08
3.80084870e-08
-3.66121036e-08
2.95225959e-08
-1.81673663e-08
-3.99783051e-09
3.55849821e-08
-6.36284128e-08
7.06601639e-08
-4.25249027e-08
-1.25820749e-08
6.08274178e-08
-7.58254686e-08
6.16527984e-08
-3.79545995e-08
1.62941998e-08
3.09954395e-09
-1.60323630e-08
1.37064280e-08
-2.51204924e-09
1.39250744e-09
-1.71622716e-08
3.97906810e-08
-5.23838395e-08
3.93356601e-08
-4.55993954e-09
-2.12929461e-08
1.31456694e-08
1.61341465e-08
-3.27718901e-08
2.16314326e-08
7.47543805e-09
-3.80828951e-08
5.29039461e-08
-3.97733189e-08
1.08448299e-08
1.10965115e-09
1.82883326e-08
-4.65733727e-08
5.79524375e-08
-5.33782689e-08
4.70483101e-08
-4.78053437e-08
5.58488402e-08
-5.80629269e-08
3.91413195e-08
-6.08383655e-09
-1.82619750e-08
2.17654854e-08
-1.03361764e-08
8.64104344e-10
-8.13219092e-09
2.82011037e-08
-3.91553208e-08
2.55792525e-08
3.19670312e-09
-2.71099090e-08
3.60929739e-08
-2.72220149e-08
1.22550609e-10
3.56404612e-08
-6.42101625e-08
7.90967150e-08
-8.37454053e-08
7.68783863e-08
-5.52553772e-08
2.85243011e-08
-8.72156480e-09
-7.81552423e-09
2.88114279e-08
-4.99545614e-08
6.33548751e-08
-6.77723406e-08
6.54930972e-08
-5.75918158e-08
4.39294681e-08
-2.82681007e-08
1.84954683e-08
-1.82636413e-08
2.54227857e-08
-3.54205589e-08
4.20073718e-08
-4.23299937e-08
3.84395236e-08
-3.04122629e-08
1.76601294e-08
-4.88285457e-09
-3.59735641e-09
1.11090399e-08
-2.42069760e-08
4.44034960e-08
-6.32648707e-08
6.45424549e-08
-4.12886756e-08
1.12550715e-08
5.78849857e-10
6.73284317e-09
-1.49368304e-08
1.63428897e-08
-1.56976743e-08
1.34469147e-08
-1.03308384e-08
1.26197053e-08
-1.93905745e-08
2.32942661e-08
-2.40140583e-08
2.55259138e-08
-2.75976078e-08
2.85692181e-08
-2.91263049e-08
3.20465361e-08
-4.00367561e-08
4.85968492e-08
-4.70193733e-08
3.47915368e-08
-2.47200234e-08
2.40379752e-08
-2.81125558e-08
3.21430100e-08
-3.18857261e-08
2.07059614e-08
-2.77962897e-09
-4.70820671e-09
-5.97302741e-09
2.65002527e-08
-4.71631729e-08
5.87657105e-08
-5.29113890e-08
3.31240670e-08
-1.09240261e-08
-8.05302314e-09
2.19280043e-08
-2.31072974e-08
4.68253702e-09
2.03016786e-08
-2.43355842e-08
2.24039076e-09
2.07808206e-08
-2.60196735e-08
2.09738076e-08
-2.15987779e-08
3.18838538e-08
-3.80711747e-08
2.39137279e-08
4.69222439e-09
-2.68931259e-08
3.70926898e-08
-4.33737597e-08
4.45274182e-08
-3.32436869e-08
1.34408733e-08
3.58691654e-09
-1.39085614e-08
1.79269737e-08
-1.02377475e-08
-1.31544597e-08
4.34586269e-08
-6.16374294e-08
5.25592760e-08
-2.36952644e-08
3.19522231e-09
-6.69096911e-09
1.68739405e-08
-9.08531117e-09
-1.52260622e-08
3.51437812e-08
-3.71956723e-08
2.39453577e-08
-6.96195146e-09
-5.51210944e-09
1.67322334e-08
-3.15307283e-08
4.31607461e-08
-4.09758023e-08
2.64729323e-08
-1.28607560e-08
1.03368007e-08
-1.80791595e-08
2.91871256e-08
-3.38685346e-08
2.18729248e-08
6.78393741e-09
-3.74868492e-08
5.35593827e-08
-5.06509750e-08
3.53946525e-08
-1.63161609e-08
3.24746741e-09
-4.69368944e-09
1.94456682e-08
-3.52965799e-08
3.31822427e-08
-5.20526822e-09
-2.47022687e-08
2.54271839e-08
-2.21406582e-09
-1.28480400e-08
1.45691703e-09
2.85535222e-08
-5.67738567e-08
6.61139481e-08
-5.52213706e-08
3.98615718e-08
-3.40053106e-08
3.19971392e-08
-2.17397638e-08
4.42337722e-09
1.41717402e-08
-3.60050052e-08
6.12265225e-08
-7.82689114e-08
7.15649051e-08
-3.90881176e-08
1.09421905e-09
1.63969087e-08
-8.42489811e-09
-6.52239196e-09
1.23290658e-08
-1.39243914e-08
2.12449613e-08
-3.01178602e-08
3.65063428e-08
-4.60596219e-08
5.33862696e-08
-4.04354203e-08
6.80250389e-09
2.42893687e-08
-3.79986353e-08
4.06730081e-08
-3.86223817e-08
3.28941816e-08
-2.86925825e-08
2.99602192e-08
-3.80001026e-08
5.26769952e-08
-6.21164560e-08
5.12404341e-08
-2.55349413e-08
2.55376520e-09
1.57908673e-08
-3.82182535e-08
6.02353580e-08
-6.99835283e-08
6.85544137e-08
-6.53272139e-08
6.37360742e-08
-6.03887784e-08
5.02481612e-08
-3.42823405e-08
2.26739463e-08
-2.25172929e-08
2.72393130e-08
-2.71952008e-08
2.29419044e-08
-2.15559304e-08
2.84041555e-08
-4.28083737e-08
5.61335369e-08
-6.11566406e-08
5.91571698e-08
-4.85563909e-08
2.74494614e-08
-1.15937953e-08
1.62401488e-08
-2.69624003e-08
2.20961081e-08
-5.88883164e-09
-4.13634194e-09
8.39490366e-10
1.21801875e-08
-2.69373199e-08
3.60484265e-08
-3.74962603e-08
3.13648414e-08
-1.86315674e-08
8.60446914e-09
-1.28363018e-08
2.78080599e-08
-3.77517324e-08
3.45356952e-08
-2.27160388e-08
7.96155231e-09
6.95381441e-09
-1.93823055e-08
2.73885608e-08
-2.67228639e-08
1.30179805e-08
5.10392750e-09
-1.18780283e-08
9.18989329e-09
-1.36377967e-08
2.79373431e-08
-3.76217777e-08
3.37019976e-08
-2.15585665e-08
1.00757021e-08
-1.45767332e-09
-8.14222290e-09
2.22081447e-08
-3.90021206e-08
5.01733837e-08
-4.61273864e-08
2.61018531e-08
6.32498609e-10
-2.57296922e-08
4.59761331e-08
-5.36788782e-08
4.18372288e-08
-2.52048267e-08
2.81535382e-08
-4.44103314e-08
3.85763705e-08
4.07414502e-09
-5.60976510e-08
8.46823411e-08
-8.45371773e-08
6.84213859e-08
-4.82454041e-08
2.80217272e-08
-3.07149861e-09
-2.81987020e-08
5.20646566e-08
-5.27501207e-08
3.03999066e-08
1.17695276e-09
-2.18695764e-08
1.64281015e-08
9.46293177e-09
-3.37223405e-08
3.94609216e-08
-2.26498802e-08
-1.20657448e-08
5.17193257e-08
-7.99261528e-08
8.87769716e-08
-8.30836484e-08
7.18199544e-08
-5.52841115e-08
2.58092125e-08
1.53375339e-08
-5.13513001e-08
6.49460219e-08
-5.61659128e-08
3.94977171e-08
-2.14560849e-08
-1.29721567e-09
2.33292425e-08
-3.75302314e-08
4.69167567e-08
-5.26367998e-08
5.10808071e-08
-4.12196428e-08
2.52231072e-08
-9.87689575e-09
2.01851091e-09
-1.58053282e-09
4.88888929e-09
-5.98402039e-09
-2.15464957e-09
1.57408007e-08
-2.05246078e-08
1.18521530e-08
2.39253201e-10
-7.71373809e-09
1.22584511e-08
-1.65722138e-08
1.78300041e-08
-1.18030972e-08
-1.30417488e-09
1.65470855e-08
-2.61761457e-08
2.56368082e-08
-2.28508821e-08
3.05214947e-08
-4.44125696e-08
4.67741756e-08
-3.13282271e-08
6.25347729e-09
1.91997032e-08
-3.46972264e-08
2.80051662e-08
1.32544357e-11
-2.82502857e-08
3.68501745e-08
-2.89510069e-08
2.08799236e-08
-1.92172980e-08
1.70189018e-08
-6.68261535e-09
-1.10250431e-08
2.69360125e-08
-3.05469072e-08
2.21698606e-08
-1.37457850e-08
1.40114693e-08
-2.25650023e-08
3.61843817e-08
-4.77605226e-08
4.58216327e-08
-2.68190554e-08
9.67036229e-10
1.92147258e-08
-2.73712075e-08
2.04095727e-08
-2.02408090e-09
-1.16078862e-08
5.97619509e-09
1.45121808e-08
-3.20261435e-08
3.25589724e-08
-1.69552958e-08
-2.67684519e-09
1.54450230e-08
-1.75792589e-08
1.44045877e-08
-1.77108994e-08
3.08673229e-08
-4.22696331e-08
3.94354984e-08
-2.18074536e-08
3.74499987e-10
1.00780850e-08
-4.89793139e-09
-2.00447325e-09
-3.57612162e-09
1.40308840e-08
-1.51616319e-08
9.92307569e-09
-9.10802367e-09
1.44202739e-08
-1.81710984e-08
9.67924585e-09
1.20285835e-08
-2.87090565e-08
2.30200605e-08
-4.71502926e-09
-6.12897821e-09
7.93160204e-09
-6.20046903e-09
-2.92499669e-09
1.82876452e-08
-2.59492943e-08
1.70026251e-08
3.45014795e-10
-1.09075593e-08
1.09128218e-08
-9.59432445e-09
1.23764270e-08
-1.49816088e-08
1.27556889e-08
-5.43848966e-09
-3.73561537e-09
1.13402567e-08
-1.76968022e-08
2.36423965e-08
-2.64862816e-08
2.58058428e-08
-2.69039830e-08
3.19866551e-08
-3.55450709e-08
3.21220668e-08
-2.06238244e-08
1.89772487e-09
1.91367349e-08
-3.23096536e-08
3.08338528e-08
-1.77124715e-08
-5.13626251e-13
1.77383583e-08
-3.12997379e-08
3.61660817e-08
-3.45467868e-08
3.34064865e-08
-3.15477102e-08
2.26302390e-08
-8.22939139e-09
-7.05743153e-09
2.17073293e-08
-2.97341174e-08
2.43422171e-08
-9.89320004e-09
-2.62724087e-09
7.43889794e-09
-6.55087984e-09
4.06841716e-09
-1.51835677e-09
2.41178943e-09
-1.24974910e-08
2.73698273e-08
-3.27303908e-08
2.29261108e-08
-8.49199200e-09
2.88805246e-09
-6.67134659e-09
9.43378442e-09
-6.50723031e-09
2.40692133e-09
1.42643075e-09
-8.56454818e-09
1.84465510e-08
-2.37976217e-08
1.82530968e-08
-4.46342074e-09
-6.90604862e-09
5.65690472e-09
8.42063486e-09
-2.20919638e-08
1.95756904e-08
-4.55243968e-11
-2.19628031e-08
3.48133860e-08
-3.87488583e-08
3.77212181e-08
-3.31495897e-08
2.52663330e-08
-1.54305901e-08
6.08418649e-09
1.10500209e-09
-5.29841415e-09
5.42479306e-09
-9.96657534e-10
-5.75829695e-09
9.71897496e-09
-8.46470449e-09
6.85744661e-09
-1.05078213e-08
1.73247283e-08
-2.08889350e-08
1.97285122e-08
-1.83097946e-08
1.96253609e-08
-2.17389005e-08
2.17389093e-08
-1.96253769e-08
1.83098017e-08
-1.97283718e-08
2.08824513e-08
-1.72089791e-08
9.55496127e-09
-3.06629988e-09
-3.58965968e-10
4.02643341e-09
-9.84717374e-09
1.34774405e-08
-8.89328522e-09
-3.86005183e-09
1.71316685e-08
-2.18826379e-08
1.57433888e-08
-4.84562701e-09
-2.41372211e-09
3.75917253e-09
-4.29894920e-09
7.54567964e-09
-1.00648752e-08
9.83446746e-09
-1.08344036e-08
1.42026009e-08
-1.46407135e-08
7.02568803e-09
8.53277005e-09
-2.49128114e-08
3.14445998e-08
-2.30559589e-08
4.40213554e-09
1.44614436e-08
-2.45922536e-08
2.42540352e-08
-1.96090575e-08
1.63145515e-08
-1.38182656e-08
1.04676383e-08
-7.67247421e-09
6.40957332e-09
-5.16926990e-09
2.71916578e-09
2.42523501e-10
-2.50591592e-09
4.27611013e-09
-6.47554055e-09
8.00610689e-09
-6.12486861e-09
-1.57199587e-10
8.42294501e-09
-1.39058054e-08
1.29365061e-08
-6.84018042e-09
9.42611766e-10
8.70975791e-10
1.17152699e-09
-4.17107682e-09
4.23984758e-09
7.57470919e-10
-8.37770386e-09
1.39543399e-08
-1.52604969e-08
1.30828148e-08
-9.27192989e-09
5.49644952e-09
-2.60669863e-09
7.14593718e-10
3.61961294e-10
-1.15291632e-09
2.05865414e-09
-2.51626520e-09
1.82210380e-09
-2.07550879e-10
-1.80217918e-09
3.82293308e-09
-5.33093347e-09
6.29703711e-09
-7.24499571e-09
7.95148214e-09
-7.81220066e-09
7.18440907e-09
-6.26411811e-09
4.34369074e-09
-1.87075266e-09
5.21693522e-10
-6.40624609e-10
1.12259779e-09
-1.20969168e-09
5.27199229e-10
1.45276524e-09
-4.34952474e-09
6.39861186e-09
-6.21915408e-09
4.19706447e-09
-1.63342695e-09
-8.89540497e-10
3.52081453e-09
-5.59277424e-09
5.78782267e-09
-4.22421165e-09
2.42097675e-09
-1.02003028e-09
-5.33439959e-10
2.13864548e-09
-2.91461832e-09
2.84704837e-09
-2.73150502e-09
2.74658252e-09
-2.47571785e-09
1.85110194e-09
-1.19245203e-09
7.17834736e-10
-3.95175753e-10
1.21569990e-10
1.00120572e-10
-2.14596091e-10
2.14991899e-10
-1.07346097e-10
-6.24019725e-11
1.64643479e-10
-2.11043460e-10
4.44274423e-10
-8.99315511e-10
1.26129795e-09
-1.42687184e-09
1.72514936e-09
-2.26889685e-09
2.33686315e-09
-1.13951659e-09
-7.27117422e-10
2.00472394e-09
-2.88042079e-09
4.34254588e-09
-5.80389026e-09
5.62248470e-09
-3.75743614e-09
1.80843585e-09
-3.35935141e-10
-1.67755920e-09
4.24979163e-09
-5.47971668e-09
4.11291978e-09
-1.42386325e-09
-5.28816158e-10
1.20972532e-09
-1.12259779e-09
6.40624609e-10
-5.21693522e-10
1.87075266e-09
-4.34369074e-09
6.26411811e-09
-7.18440907e-09
7.81220066e-09
-7.95148214e-09
7.24499571e-09
-6.29703711e-09
5.33093347e-09
-3.82293308e-09
1.80217918e-09
2.07550879e-10
-1.82210380e-09
2.51626520e-09
-2.05865414e-09
1.15291632e-09
-3.61961294e-10
-7.14593718e-10
2.60669863e-09
-5.49644952e-09
9.27192989e-09
-1.30828148e-08
1.52604969e-08
-1.39543399e-08
8.37770386e-09
-7.57470919e-10
-4.23984758e-09
4.17107682e-09
-1.17145960e-09
-8.74142037e-10
-8.88110696e-10
6.42794751e-09
-1.16264367e-08
1.22169848e-08
-8.62628191e-09
2.83059354e-09
5.17998799e-09
-1.30997408e-08
1.57197153e-08
-1.20507666e-08
6.28834362e-09
-2.09186179e-09
7.17236215e-10
-1.34262779e-09
8.23815183e-10
2.73700218e-09
-6.90132573e-09
9.10203823e-09
-1.06843423e-08
1.40930414e-08
-1.94840322e-08
2.45339482e-08
-2.59877293e-08
2.21456773e-08
-1.38952698e-08
4.95028685e-09
-4.75400830e-10
1.48028922e-09
-4.02401046e-09
5.52366330e-09
-5.50112489e-09
3.48986084e-09
-1.01074649e-09
-1.28615368e-10
3.31600414e-10
7.47060358e-10
-3.91018107e-09
7.27389793e-09
-8.59337401e-09
8.05795430e-09
-7.02996106e-09
6.45701315e-09
-5.48007595e-09
1.65517644e-09
5.26190114e-09
-1.13960414e-08
1.19359846e-08
-6.60634658e-09
2.87559221e-09
-9.14428799e-09
2.22481091e-08
-2.91770732e-08
2.37134419e-08
-1.32932385e-08
7.88532795e-09
-9.73948744e-09
1.40119214e-08
-1.42166661e-08
8.63082761e-09
-1.01744624e-09
-5.98546679e-09
1.22322881e-08
-1.58253108e-08
1.37623211e-08
-6.38008624e-09
-7.64944774e-10
1.84485061e-09
2.89584512e-09
-9.20346110e-09
1.29640476e-08
-9.52197432e-09
-3.64431174e-09
1.97955252e-08
-2.58554316e-08
1.82043625e-08
-7.98510325e-09
4.36714842e-09
-2.48013876e-09
-4.12393764e-09
9.43898915e-09
-4.40281367e-09
-7.79634046e-09
1.68388095e-08
-1.79574631e-08
1.30571163e-08
-7.84982657e-09
7.22510229e-09
-7.77335796e-09
2.56068011e-09
6.46527498e-09
-1.09270548e-08
6.68840761e-09
5.00937869e-09
-2.01838883e-08
3.18975601e-08
-3.37537607e-08
2.69816365e-08
-2.11541860e-08
2.41844003e-08
-3.23402070e-08
3.51785623e-08
-2.90295361e-08
1.99122923e-08
-1.72615788e-08
2.70680047e-08
-4.35051923e-08
4.98236616e-08
-3.41780648e-08
1.01179531e-09
3.14937409e-08
-4.26890168e-08
2.71752771e-08
-1.63465907e-09
-1.48293182e-08
2.01718748e-08
-2.01343333e-08
1.43859271e-08
-4.06538359e-09
-2.91070834e-09
2.80676105e-09
1.90575555e-09
-1.06206688e-08
2.05745287e-08
-2.34964350e-08
1.75291284e-08
-8.54473114e-09
-2.18326157e-09
1.43850443e-08
-1.94716865e-08
9.74205605e-09
8.71523298e-09
-2.23829968e-08
2.91507867e-08
-3.83992607e-08
5.07465572e-08
-5.69154963e-08
5.58082895e-08
-5.42762422e-08
5.47153576e-08
-5.57556774e-08
5.65122988e-08
-5.36689484e-08
4.18978594e-08
-2.04989909e-08
-4.56964777e-09
2.44265355e-08
-2.95189544e-08
1.60887463e-08
4.93384889e-09
-1.74466734e-08
1.81765589e-08
-1.19507551e-08
-6.77897405e-10
1.55738817e-08
-2.06853095e-08
1.32235343e-08
-4.97412822e-09
3.67474895e-09
-4.26922675e-09
7.61422037e-10
5.48936452e-09
-9.07271414e-09
8.08729439e-09
-1.05648272e-08
2.40135023e-08
-3.82264140e-08
3.83833765e-08
-2.78864469e-08
1.73966015e-08
-8.66093242e-09
4.16357127e-09
-9.65410329e-09
1.81036839e-08
-1.40305945e-08
6.18180507e-10
2.01364347e-09
7.70532438e-09
-9.07917741e-09
-5.24758281e-09
1.84571913e-08
-1.54169690e-08
1.78480053e-09
6.80134704e-09
-4.37056258e-09
-5.80283599e-09
2.00111465e-08
-3.16856124e-08
3.30470193e-08
-2.81564940e-08
3.02496019e-08
-3.97927096e-08
4.23544790e-08
-3.40098651e-08
3.12202317e-08
-4.54807747e-08
6.33815134e-08
-6.78834411e-08
6.29828776e-08
-5.94722813e-08
5.65481457e-08
-5.14218179e-08
4.57685196e-08
-3.47229303e-08
9.49058432e-09
2.31122996e-08
-4.06967331e-08
3.14029869e-08
-6.35498143e-09
-1.72444565e-08
3.19431983e-08
-3.52865790e-08
2.15411404e-08
8.77568684e-09
-3.87803780e-08
5.15437470e-08
-4.73567034e-08
3.44395055e-08
-1.62814757e-08
-7.40214601e-09
3.42739170e-08
-5.54390667e-08
6.12052702e-08
-4.84872444e-08
2.22611902e-08
6.69860278e-10
6.36576014e-10
-2.46817713e-08
4.12901286e-08
-2.59854858e-08
-8.15045897e-09
2.71928151e-08
-1.89931075e-08
1.34188705e-09
9.38098310e-09
-1.78656876e-08
3.42798465e-08
-5.56184716e-08
6.94039457e-08
-6.60614887e-08
4.51343425e-08
-1.34648683e-08
-2.01922816e-08
4.85056546e-08
-6.59836488e-08
6.64036222e-08
-4.78764797e-08
2.31661303e-08
-7.40969996e-09
-2.27759545e-09
1.61332530e-08
-3.10378923e-08
3.62745389e-08
-3.01541192e-08
1.93179446e-08
-6.41208375e-09
-9.48696943e-09
2.27173018e-08
-2.61549413e-08
2.25331416e-08
-1.91571630e-08
1.87358964e-08
-1.90115106e-08
1.33729809e-08
3.07339532e-09
-2.29630608e-08
3.05010346e-08
-1.39277487e-08
-2.55655568e-08
6.59466721e-08
-7.56843264e-08
4.64957317e-08
-4.02705291e-09
-2.05914592e-08
2.12305107e-08
-1.35046569e-08
7.99414401e-09
-1.61739699e-09
-5.57715740e-09
8.96902108e-09
-1.45099994e-08
2.69363944e-08
-3.36764892e-08
2.69362594e-08
-1.54996762e-08
2.24633334e-09
1.25243211e-08
-1.24756792e-08
-1.20333059e-08
3.98230746e-08
-4.58646703e-08
3.34148922e-08
-1.89768308e-08
6.29019548e-09
7.47591145e-09
-2.15410747e-08
3.53594558e-08
-4.60324010e-08
4.85558189e-08
-4.37275567e-08
3.28773559e-08
-1.31725821e-08
-9.60123270e-09
1.86800779e-08
-6.85253676e-09
-1.13279981e-08
1.25261224e-08
1.13419611e-08
-4.18618349e-08
5.52143149e-08
-5.37418892e-08
5.76478563e-08
-6.70818707e-08
6.16787474e-08
-3.83030780e-08
1.60199303e-08
-4.71995776e-09
-1.34920874e-09
4.84422724e-09
-2.38698394e-09
-6.05013728e-09
1.74005486e-08
-2.85400432e-08
3.49333327e-08
-3.60353880e-08
3.86796692e-08
-4.39803323e-08
3.99218401e-08
-1.75947665e-08
-1.25442128e-08
3.06973504e-08
-3.09737906e-08
2.41714417e-08
-2.17187441e-08
2.83872108e-08
-4.23204654e-08
5.18949435e-08
-4.28320597e-08
1.41755132e-08
1.94443004e-08
-4.01370492e-08
3.79763812e-08
-1.47974175e-08
-1.51767026e-08
3.07119628e-08
-2.34661997e-08
7.13307990e-09
5.66785507e-09
-1.55569087e-08
1.95503222e-08
-1.21012818e-08
6.42923936e-10
3.08190340e-09
2.38347386e-09
-1.16795746e-08
1.81036466e-08
-1.29109985e-08
-6.18184615e-09
2.38362201e-08
-2.13575344e-08
-4.52968857e-10
2.50050185e-08
-3.72830691e-08
3.34176562e-08
-1.95437391e-08
3.30181926e-09
1.19527979e-08
-2.58978723e-08
3.64784007e-08
-4.06237213e-08
3.91027513e-08
-3.20220295e-08
1.56946527e-08
6.37407238e-09
-1.89525267e-08
1.21532144e-08
2.32655450e-09
-5.67121283e-09
-1.42998047e-09
4.65098804e-09
-4.67837935e-10
-3.27421357e-09
1.92093008e-09
2.36138842e-09
-6.81879175e-09
1.43120111e-08
-3.06726022e-08
5.28553166e-08
-6.58249277e-08
5.67576848e-08
-2.85531847e-08
-1.45691703e-09
1.28480400e-08
2.21406582e-09
-2.54268464e-08
2.46855620e-08
5.52016077e-09
-3.60107144e-08
4.82711613e-08
-5.38415108e-08
6.13984170e-08
-6.32530757e-08
5.70148373e-08
-5.24629868e-08
5.47256569e-08
-5.40379865e-08
3.75130540e-08
-6.78447654e-09
-2.18725873e-08
3.38523662e-08
-2.88972419e-08
1.56711160e-08
-3.96462280e-10
-1.29841604e-08
2.25971117e-08
-2.96320728e-08
2.91686302e-08
-1.28234676e-08
-1.27247661e-08
2.86392918e-08
-2.94843812e-08
2.92072269e-08
-3.58026746e-08
3.62913823e-08
-1.87993265e-08
-6.43563514e-09
2.23000427e-08
-2.36043078e-08
9.30016242e-09
2.08930455e-08
-5.22454755e-08
6.16469293e-08
-4.39368790e-08
1.72291106e-08
-6.83056456e-09
2.27717383e-08
-4.60971279e-08
5.31178941e-08
-4.78367710e-08
4.62182790e-08
-4.73558934e-08
4.36886509e-08
-3.71094018e-08
2.68934635e-08
-4.69222439e-09
-2.39137279e-08
3.80711747e-08
-3.18838538e-08
2.15987779e-08
-2.09738076e-08
2.60196735e-08
-2.07808206e-08
-2.24039076e-09
2.43355842e-08
-2.03016786e-08
-4.68253702e-09
2.31072974e-08
-2.19280043e-08
8.05302314e-09
1.09240261e-08
-3.31240670e-08
5.29113890e-08
-5.87660480e-08
4.71793413e-08
-2.67892588e-08
8.33903346e-09
-4.48069226e-09
2.24732162e-08
-4.59010110e-08
5.15793630e-08
-4.13319761e-08
3.04786099e-08
-2.43269973e-08
2.47361918e-08
-3.47918707e-08
4.70193733e-08
-4.85968492e-08
4.00364186e-08
-3.20303641e-08
2.88372846e-08
-2.62031783e-08
1.84086897e-08
-5.83236170e-09
-1.18089660e-09
-3.60076235e-09
1.02017257e-08
-1.02537143e-08
1.00418323e-08
-1.34307481e-08
1.56973385e-08
-1.63428897e-08
1.49364929e-08
-6.71667566e-09
-8.67856953e-10
-8.88906548e-09
3.20997771e-08
-4.48488642e-08
3.80698282e-08
-2.47099070e-08
1.50180757e-08
-8.74303385e-09
3.30834915e-09
4.89902252e-09
-1.76604669e-08
3.04122629e-08
-3.84395236e-08
4.23299937e-08
-4.20073718e-08
3.54202250e-08
-2.54060772e-08
1.79482100e-08
-1.56411097e-08
1.48306887e-08
-5.73167469e-09
-1.41043266e-08
2.83883441e-08
-2.24273027e-08
4.91678653e-09
5.98312200e-09
-4.87980678e-09
-1.38323153e-09
7.02929315e-09
-1.15554100e-08
1.28383411e-08
-8.53123883e-09
2.24986874e-09
4.81170215e-09
-1.72686221e-08
3.23921334e-08
-3.97276558e-08
3.15222373e-08
-6.08046991e-09
-2.65770197e-08
4.61903902e-08
-4.13595025e-08
2.15781952e-08
-6.63774458e-09
7.00112235e-09
-1.56927094e-08
1.81919262e-08
-9.64227898e-09
8.48759951e-10
-1.52273594e-09
5.57833024e-09
-4.28757030e-09
-1.65189626e-10
2.19908625e-09
-3.90589783e-09
1.46324117e-08
-3.25386189e-08
3.56398679e-08
-1.29205624e-08
-1.43667798e-08
2.32780977e-08
-1.45494408e-08
-2.38537656e-09
1.95913525e-08
-2.57482338e-08
1.54092934e-08
1.72648318e-09
-1.00149027e-08
1.79819581e-09
1.47470001e-08
-2.31453257e-08
1.70739991e-08
-3.87852950e-09
-5.23087351e-09
2.47954079e-09
9.31539290e-09
-1.88079685e-08
2.11209326e-08
-2.09791811e-08
2.21074021e-08
-2.69030558e-08
4.05107272e-08
-6.22667287e-08
7.86870160e-08
-7.41172386e-08
4.98061077e-08
-2.71381193e-08
2.34428654e-08
-3.12442481e-08
3.10018038e-08
-1.60470179e-08
-3.65332675e-09
2.13052900e-08
-4.22514930e-08
6.24396321e-08
-6.31618420e-08
4.04513578e-08
-1.22661863e-08
-4.98080777e-09
5.45221779e-09
9.06970499e-09
-2.58965258e-08
3.02114849e-08
-2.37859705e-08
2.06172288e-08
-2.52087524e-08
2.74478431e-08
-1.72602697e-08
-4.31915792e-09
2.82239085e-08
-4.45200925e-08
4.94698398e-08
-4.89944192e-08
4.94137389e-08
-4.74420965e-08
3.24928244e-08
2.46030751e-09
-4.66663543e-08
7.30923446e-08
-6.34133315e-08
2.67647149e-08
7.70547981e-09
-1.66848046e-08
5.36729772e-09
3.62370178e-09
-5.62531488e-09
1.62640372e-08
-3.69380793e-08
4.84881291e-08
-4.03361469e-08
2.13665601e-08
-6.02593087e-09
-1.51323665e-09
1.22897834e-08
-3.40818609e-08
5.48144321e-08
-5.98130967e-08
5.00092163e-08
-2.93585511e-08
-1.95158512e-09
3.05411803e-08
-3.52912437e-08
1.61556173e-08
7.50027684e-09
-2.08805115e-08
1.85394740e-08
-3.52429752e-09
-9.71553771e-09
1.29758906e-08
-1.70145622e-08
2.82299197e-08
-3.66980828e-08
3.98072224e-08
-4.71168420e-08
5.52434507e-08
-5.00542008e-08
3.37300570e-08
-1.87824121e-08
6.35702646e-09
6.11491524e-09
-1.27023521e-08
6.11800699e-09
9.85353843e-09
-1.69083325e-08
4.96010177e-10
2.59259512e-08
-3.56746703e-08
2.86398567e-08
-2.76594356e-08
4.01212041e-08
-5.19583097e-08
4.95340515e-08
-3.00010541e-08
3.83273413e-10
2.74674523e-08
-4.33454126e-08
4.08406038e-08
-1.89708853e-08
-1.40555692e-08
4.34345253e-08
-6.05856343e-08
6.97356342e-08
-7.56257990e-08
7.45372262e-08
-6.44121556e-08
5.01733730e-08
-3.52301903e-08
2.03728323e-08
-9.66626601e-09
6.41203002e-09
-4.34518377e-09
-6.21303498e-09
1.98876471e-08
-1.82254318e-08
-1.83382132e-09
1.91363121e-08
-1.71915691e-08
5.42542322e-09
-3.95917565e-09
1.59437956e-08
-2.25048638e-08
1.06094742e-08
4.35540093e-09
-2.41128340e-09
-1.01724220e-08
1.62811133e-08
-1.51205750e-08
1.70671512e-08
-2.61902713e-08
3.65429038e-08
-4.09362571e-08
3.69970721e-08
-2.29752803e-08
-1.08558540e-09
2.60283120e-08
-3.95697519e-08
3.87681354e-08
-2.97345668e-08
1.85799660e-08
-9.86044935e-09
1.04095728e-08
-2.15584279e-08
2.94958209e-08
-1.79406534e-08
-1.03093143e-08
3.56044900e-08
-4.42524879e-08
3.95987811e-08
-3.17499804e-08
2.42849847e-08
-1.29320767e-08
-3.06915360e-09
1.51423265e-08
-1.65883698e-08
9.77639569e-09
-9.81444481e-10
-1.04969167e-09
-1.17190764e-08
3.55450034e-08
-5.72569263e-08
7.05264611e-08
-7.65890391e-08
7.29894651e-08
-5.65972584e-08
3.23387930e-08
-1.11393437e-08
2.64063083e-09
-8.33583691e-09
1.99255030e-08
-2.68500475e-08
2.51071697e-08
-1.94119796e-08
1.80635862e-08
-2.53978953e-08
3.95274036e-08
-5.36882396e-08
5.92232254e-08
-5.35642819e-08
4.18733634e-08
-2.80251928e-08
1.42918211e-08
-7.35540739e-09
1.17404442e-08
-2.23932446e-08
3.08698063e-08
-3.21507265e-08
2.41143674e-08
-6.72535760e-09
-1.72938073e-08
4.36824976e-08
-6.70719373e-08
7.91828967e-08
-7.53917888e-08
6.31493222e-08
-5.05249389e-08
3.59757948e-08
-2.33085427e-08
2.35008670e-08
-3.07803951e-08
2.68451306e-08
-1.07054543e-08
-4.37800463e-09
1.43699825e-08
-2.21331611e-08
2.58259849e-08
-2.37231141e-08
1.82467641e-08
-9.54371338e-09
-4.92514785e-09
2.26894770e-08
-3.53479592e-08
3.78085758e-08
-3.47943825e-08
3.39695170e-08
-3.74224385e-08
4.46061321e-08
-5.31409867e-08
5.37992797e-08
-3.88946724e-08
1.53938995e-08
2.52453525e-09
-1.02383986e-08
1.27147359e-08
-1.41874583e-08
1.63171503e-08
-2.04290824e-08
2.47761438e-08
-2.42688625e-08
1.81422788e-08
-1.26064217e-08
1.05322977e-08
-6.92543001e-09
-5.29376376e-10
6.49256293e-09
-6.15667606e-09
1.88817251e-09
-1.34881728e-09
8.75006201e-09
-1.84857623e-08
2.38277202e-08
-2.76510352e-08
3.39711157e-08
-3.74523879e-08
3.23599778e-08
-2.21138432e-08
1.28593314e-08
-6.51187015e-09
3.31523187e-09
-3.54155794e-09
5.78136961e-09
-8.86118467e-09
1.25035760e-08
-1.44933185e-08
1.34542111e-08
-1.19123928e-08
1.14677299e-08
-9.63038627e-09
3.97686417e-09
2.70351475e-09
-4.00962019e-09
-7.73280828e-10
4.33765912e-09
-2.89970803e-09
1.01354924e-09
-3.38947592e-10
-5.43263878e-09
1.93682279e-08
-3.30854597e-08
3.49147768e-08
-2.37428033e-08
1.00435615e-08
-1.86515825e-09
-4.05278433e-09
1.34195286e-08
-2.36898359e-08
2.68945559e-08
-1.85669915e-08
1.79931015e-09
1.51287782e-08
-2.51531880e-08
2.62195101e-08
-1.96355412e-08
1.00667439e-08
-4.87996132e-09
6.16231821e-09
-8.28872260e-09
7.70917641e-09
-6.91138435e-09
8.01417155e-09
-1.06326477e-08
1.36994647e-08
-1.38875231e-08
7.42134265e-09
2.92400149e-09
-9.98117855e-09
1.29921744e-08
-1.67699064e-08
2.10074411e-08
-2.10045794e-08
1.64978662e-08
-1.03251896e-08
1.62226432e-09
1.15755476e-08
-2.56916959e-08
3.38550841e-08
-3.26162741e-08
2.32875976e-08
-1.08089866e-08
2.14023221e-09
-6.16809992e-10
2.88457347e-09
-3.66566955e-09
5.83227244e-10
4.91768670e-09
-8.79112960e-09
7.73232767e-09
-1.52579749e-09
-7.32738004e-09
1.44989700e-08
-1.64319491e-08
1.37080578e-08
-9.86073889e-09
6.55885612e-09
-1.95737448e-09
-4.67161554e-09
8.94084184e-09
-6.32742658e-09
-9.14110065e-10
6.03931616e-09
-4.69317518e-09
-2.41860487e-09
1.08461515e-08
-1.48362069e-08
1.08375167e-08
-1.22567467e-09
-7.48121032e-09
1.19194512e-08
-1.36713254e-08
1.45372123e-08
-1.49411630e-08
1.51603512e-08
-1.52557966e-08
1.50844244e-08
-1.48022652e-08
1.46019676e-08
-1.37756482e-08
1.07984572e-08
-5.40238165e-09
-4.67463901e-10
5.02081043e-09
-7.97019517e-09
8.83788687e-09
-6.83677870e-09
2.66171729e-09
1.68850689e-09
-4.29321689e-09
4.10627266e-09
-1.91805283e-09
-1.86019450e-10
1.51101598e-09
-3.03002179e-09
4.89680918e-09
-6.10553696e-09
6.13445250e-09
-5.19283949e-09
3.45332918e-09
-1.30945310e-09
-6.40761055e-11
-8.31444705e-11
8.02339806e-10
-7.14852399e-10
-5.22122234e-10
2.45594345e-09
-4.12802903e-09
4.47505055e-09
-3.25604521e-09
1.25379107e-09
2.64409328e-10
-3.63544722e-10
-7.32541083e-10
1.86751126e-09
-2.14770601e-09
1.60575875e-09
-8.23121016e-10
-1.33196420e-06
4.26318147e-05
-3.81023594e-04
6.60796533e-04
-3.06951511e-03
-5.96046448e-08
5.96046448e-08
3.06951511e-03
