-1.33546547e-03
1.75914180e-03
-1.75914180e-03
1.33546547e-03
-7.64505705e-04
3.25532979e-04
-1.00974488e-04
2.22080544e-05
-3.36544190e-06
3.41898357e-07
-2.01875316e-08
-1.57991520e-09
1.37305467e-09
-4.83979412e-10
8.58889182e-10
-2.69082401e-09
5.02434139e-09
-6.43683240e-09
6.03445471e-09
-4.00018862e-09
1.31385425e-09
1.03378994e-09
-2.63039679e-09
3.69329500e-09
-4.72917838e-09
6.09064177e-09
-7.73020048e-09
9.25081167e-09
-1.00424300e-08
9.41923695e-09
-6.93670810e-09
2.79069323e-09
2.14672191e-09
-6.70401690e-09
9.73023973e-09
-1.02325250e-08
7.65758301e-09
-2.25737917e-09
-4.90927032e-09
1.24741559e-08
-1.93029130e-08
2.42737688e-08
-2.54413912e-08
2.05924451e-08
-1.00743884e-08
-1.38902201e-09
7.36971506e-09
-4.72834527e-09
-4.50194371e-09
1.58146243e-08
-2.55589612e-08
3.14091153e-08
-3.14544657e-08
2.48213912e-08
-1.31347857e-08
4.31380931e-10
8.81820306e-09
-1.22411752e-08
1.08712150e-08
-8.06375500e-09
6.89204427e-09
-8.04464850e-09
9.48613543e-09
-8.24001400e-09
3.26206218e-09
3.41246076e-09
-8.78543549e-09
1.16997079e-08
-1.29741249e-08
1.35940725e-08
-1.37877985e-08
1.32377709e-08
-1.12758070e-08
7.39329131e-09
-2.20193597e-09
-2.45602294e-09
4.68653205e-09
-3.85835275e-09
1.15135879e-09
8.91337726e-10
-1.30739114e-10
-2.85895618e-09
4.70880934e-09
-2.70054090e-09
-1.62767744e-09
3.45480533e-09
-1.51519866e-10
-4.88626473e-09
5.25997867e-09
1.98519912e-09
-1.43413477e-08
2.74502288e-08
-3.86347629e-08
4.69164192e-08
-5.17633438e-08
5.30430171e-08
-5.08551210e-08
4.44158523e-08
-3.28407168e-08
1.78681194e-08
-3.56560070e-09
-7.72636621e-09
1.75974915e-08
-2.88890529e-08
4.09919032e-08
-4.80895679e-08
4.36767351e-08
-2.81983699e-08
1.04616458e-08
5.01120478e-10
-3.17876725e-09
1.77045989e-09
-1.88569521e-10
6.39703124e-10
-4.57215821e-09
1.13289378e-08
-1.79659736e-08
2.29260682e-08
-2.76883725e-08
3.24080531e-08
-3.24206191e-08
2.27935253e-08
-5.54417490e-09
-1.07095861e-08
1.81116047e-08
-1.51363544e-08
6.22325791e-09
2.49785170e-09
-7.68516095e-09
9.60082236e-09
-9.61278612e-09
9.14463083e-09
-1.02521742e-08
1.40130130e-08
-1.86521127e-08
2.15251088e-08
-2.23092584e-08
2.26804246e-08
-2.34130528e-08
2.31991386e-08
-2.05947810e-08
1.60636464e-08
-1.16163976e-08
9.63730074e-09
-1.22291182e-08
1.97429166e-08
-2.92562898e-08
3.58061598e-08
-3.55330734e-08
2.75640648e-08
-1.44359982e-08
1.58702507e-09
5.78513770e-09
-6.82966617e-09
4.27568381e-09
4.95221586e-10
-8.53627569e-09
1.90168059e-08
-2.70037805e-08
2.77892873e-08
-2.28203447e-08
1.91736973e-08
-2.23943939e-08
3.18257243e-08
-4.31977583e-08
5.22610151e-08
-5.52796457e-08
5.02941475e-08
-3.91664834e-08
2.48711149e-08
-6.52419274e-09
-1.87616358e-08
4.79573607e-08
-6.93608513e-08
7.04282002e-08
-4.85421090e-08
1.39265506e-08
1.71075403e-08
-3.23887441e-08
3.13231538e-08
-2.41748772e-08
2.13616023e-08
-2.30398065e-08
2.26522889e-08
-1.93883878e-08
2.04523349e-08
-3.01727212e-08
4.38655618e-08
-5.48162831e-08
6.09258635e-08
-6.15304288e-08
5.36577609e-08
-3.59167629e-08
1.31445610e-08
6.00659078e-09
-1.47741561e-08
1.09259943e-08
2.73519718e-09
-1.85226572e-08
2.80064576e-08
-2.90722326e-08
2.80825105e-08
-3.39204504e-08
4.86600094e-08
-6.29381418e-08
6.31238564e-08
-4.57025031e-08
2.13487148e-08
-2.41088349e-09
-8.46591863e-09
1.37388581e-08
-1.10326113e-08
-5.44440981e-09
3.48604843e-08
-6.60027339e-08
8.51801616e-08
-8.62883667e-08
7.23937958e-08
-5.05062907e-08
2.77905166e-08
-1.02906865e-08
1.02376752e-09
3.95963595e-10
5.09254416e-09
-1.69421632e-08
3.16696216e-08
-4.14669117e-08
3.84835559e-08
-1.96390921e-08
-1.17348895e-08
4.48987230e-08
-6.37063380e-08
5.76174664e-08
-3.26709255e-08
5.22496446e-09
1.53683573e-08
-3.07838235e-08
4.18405115e-08
-4.28908820e-08
3.06112113e-08
-1.05163815e-08
-8.91492835e-09
2.35182434e-08
-3.24534994e-08
3.48120750e-08
-3.06279411e-08
2.27769235e-08
-1.46443639e-08
5.85537796e-09
7.11630710e-09
-2.37137403e-08
3.44309505e-08
-2.81728454e-08
6.05549344e-09
1.62849787e-08
-2.35470488e-08
1.50658988e-08
-7.23465454e-10
-1.34230342e-08
2.88465678e-08
-4.59087097e-08
5.93733240e-08
-6.36525925e-08
5.67680480e-08
-3.89437318e-08
1.33966749e-08
1.15311218e-08
-2.66671023e-08
2.83806560e-08
-1.80671922e-08
-9.17413423e-10
2.13972999e-08
-3.11969863e-08
2.09460005e-08
5.48744827e-09
-3.24489307e-08
4.70014854e-08
-4.95988459e-08
4.80671751e-08
-4.51769822e-08
3.77858420e-08
-2.55967123e-08
1.38954928e-08
-7.28190175e-09
4.56736871e-09
-6.69407363e-10
-7.18339743e-09
1.51471404e-08
-1.53572959e-08
3.00177949e-09
1.97417869e-08
-4.50254873e-08
6.25919014e-08
-6.44690630e-08
5.06210966e-08
-2.96858040e-08
1.23080923e-08
-4.47415349e-09
6.77221701e-09
-1.66728231e-08
3.01589189e-08
-4.18341202e-08
4.42616042e-08
-3.11187556e-08
5.12313258e-09
1.88129849e-08
-2.19907399e-08
-4.29062963e-09
5.07401374e-08
-9.56019406e-08
1.20962198e-07
-1.23907100e-07
1.11160034e-07
-8.76013218e-08
5.48982904e-08
-1.77238970e-08
-1.50442929e-08
3.48973437e-08
-3.77132814e-08
2.64532503e-08
-1.09693463e-08
8.95408137e-10
2.64623234e-09
-5.34124833e-09
1.02770059e-08
-1.39936018e-08
1.10987592e-08
5.94692073e-10
-1.82356779e-08
3.50373313e-08
-4.51495517e-08
4.83494951e-08
-4.77673048e-08
4.30961542e-08
-2.95896729e-08
6.15603657e-09
1.81243180e-08
-3.03890424e-08
2.72134368e-08
-1.78354469e-08
1.44554573e-08
-2.30108057e-08
4.14379748e-08
-6.08100805e-08
6.95421747e-08
-6.19255900e-08
4.03520275e-08
-7.31510408e-09
-3.64121355e-08
8.12584346e-08
-1.06491740e-07
9.75580932e-08
-6.30241388e-08
2.92236191e-08
-1.82478104e-08
3.14916093e-08
-5.18880512e-08
5.94239395e-08
-4.58620875e-08
1.92542657e-08
4.05106526e-09
-1.45432004e-08
1.72281407e-08
-2.25999699e-08
3.27929364e-08
-4.10817123e-08
4.34783409e-08
-4.51051676e-08
5.26518491e-08
-6.34969766e-08
6.67869315e-08
-5.60131639e-08
3.62986690e-08
-1.64512670e-08
-1.89662219e-09
2.21571916e-08
-4.29007940e-08
5.66531781e-08
-5.78866590e-08
4.62338221e-08
-2.19057430e-08
-1.51053392e-08
5.83146722e-08
-9.07085962e-08
9.13949378e-08
-5.09042728e-08
-1.62840870e-08
7.75437385e-08
-1.05804709e-07
9.75096413e-08
-6.74500598e-08
3.21520837e-08
-2.38990738e-09
-1.46578341e-08
1.70251955e-08
-1.32067113e-08
1.76314110e-08
-3.65391557e-08
6.00445276e-08
-6.89153055e-08
5.12587661e-08
-1.67469256e-08
-7.94722510e-09
4.30242730e-09
1.83584259e-08
-3.26988996e-08
2.02128767e-08
1.47709613e-08
-5.15449194e-08
6.81799293e-08
-5.72965249e-08
3.42708937e-08
-2.52844927e-08
4.15713792e-08
-6.94195421e-08
8.82396307e-08
-9.19664203e-08
8.95258054e-08
-9.02976609e-08
9.25216881e-08
-8.43372234e-08
5.71731107e-08
-1.83542515e-08
-1.31936302e-08
2.45113601e-08
-2.00139887e-08
1.61409535e-08
-2.49570391e-08
4.13909689e-08
-4.74868607e-08
3.09304369e-08
2.18381468e-09
-3.32096342e-08
4.51038318e-08
-3.02365315e-08
-8.16274870e-09
5.72645753e-08
-1.00974589e-07
1.28444526e-07
-1.35831726e-07
1.22814541e-07
-9.29802653e-08
5.52992141e-08
-1.82784898e-08
-1.64940701e-08
5.05979116e-08
-8.15087873e-08
1.03427674e-07
-1.12845370e-07
1.09991653e-07
-9.67961000e-08
7.66803936e-08
-5.59372673e-08
4.22358042e-08
-4.00899403e-08
4.80307989e-08
-5.98973884e-08
6.87071449e-08
-7.02530016e-08
6.36633146e-08
-4.98378867e-08
3.12548494e-08
-1.18957528e-08
-5.99148775e-09
2.48576768e-08
-4.87666227e-08
7.59145919e-08
-9.50287387e-08
9.25964443e-08
-6.72993181e-08
3.53233567e-08
-1.62587117e-08
1.49244208e-08
-2.15414229e-08
2.61332538e-08
-2.62025495e-08
2.39214017e-08
-2.29431958e-08
2.61505058e-08
-3.26338316e-08
3.87609518e-08
-4.27913491e-08
4.56937848e-08
-4.83107954e-08
5.07731848e-08
-5.43102630e-08
6.10920594e-08
-7.06389400e-08
7.72448558e-08
-7.44452109e-08
6.31763371e-08
-5.19575849e-08
4.78060791e-08
-4.99981923e-08
5.20910035e-08
-4.68419188e-08
3.18910338e-08
-1.46334180e-08
8.49082848e-09
-2.10387974e-08
4.73526853e-08
-7.41332684e-08
8.75598616e-08
-8.02522919e-08
5.51207897e-08
-2.22618723e-08
-7.60209673e-09
2.52422119e-08
-2.34536159e-08
3.83652221e-09
1.74512582e-08
-2.04474233e-08
1.74550452e-09
2.25646204e-08
-3.67139634e-08
4.10949106e-08
-4.54216504e-08
5.17088488e-08
-4.96205850e-08
2.95072891e-08
4.19781854e-09
-3.72547078e-08
5.98876539e-08
-7.02489729e-08
6.75657432e-08
-5.11434983e-08
2.55823025e-08
-1.98798561e-10
-1.66768981e-08
1.92547205e-08
-3.45011841e-09
-2.89170821e-08
6.47532659e-08
-8.41202308e-08
7.56741159e-08
-4.87665908e-08
2.55613912e-08
-1.77732034e-08
1.53459592e-08
-1.91057836e-09
-2.35925466e-08
4.60338789e-08
-5.10945313e-08
3.77334608e-08
-1.50538693e-08
-8.71524897e-09
3.14144728e-08
-5.17802654e-08
6.38888480e-08
-6.16032594e-08
4.74727671e-08
-3.28742473e-08
2.83668680e-08
-3.52080640e-08
4.47762289e-08
-4.39242456e-08
2.34365629e-08
1.38923468e-08
-5.29500070e-08
7.65128902e-08
-7.68960362e-08
5.89437548e-08
-3.52872824e-08
1.97917949e-08
-2.07067767e-08
3.44521212e-08
-4.53770248e-08
3.67942725e-08
-8.44620995e-09
-1.89416998e-08
2.42339429e-08
-1.02975122e-08
1.00260911e-09
-1.52644013e-08
4.94723693e-08
-8.33674392e-08
9.86390063e-08
-9.28189507e-08
7.74416904e-08
-6.33623571e-08
5.02954904e-08
-3.17942686e-08
5.02871611e-09
2.83697439e-08
-6.53831762e-08
9.90084388e-08
-1.15711138e-07
1.03271496e-07
-6.45105018e-08
2.03107753e-08
5.75848125e-09
-6.80440904e-09
-5.68504399e-09
1.83352089e-08
-2.84293034e-08
3.94487252e-08
-5.25090051e-08
6.62023254e-08
-7.70328867e-08
7.60184946e-08
-5.36909894e-08
1.33109257e-08
2.81602421e-08
-5.55389867e-08
6.60936195e-08
-6.52918075e-08
5.99469843e-08
-5.65203564e-08
6.02773227e-08
-7.25522469e-08
8.73398633e-08
-9.20352434e-08
7.70657707e-08
-4.53774263e-08
7.56729346e-09
3.00690139e-08
-6.60404282e-08
9.60108650e-08
-1.13732305e-07
1.18732920e-07
-1.16497610e-07
1.11021748e-07
-1.01106998e-07
8.47122550e-08
-6.51111236e-08
5.02524351e-08
-4.47935520e-08
4.51871855e-08
-4.50835529e-08
4.36430305e-08
-4.61319907e-08
5.72544963e-08
-7.51877280e-08
9.22176611e-08
-1.00492883e-07
9.57818216e-08
-7.81021612e-08
5.43429337e-08
-3.74413247e-08
3.41427899e-08
-3.57954200e-08
2.95316376e-08
-1.53410227e-08
5.10787723e-09
-8.28585289e-09
2.37143389e-08
-4.27133386e-08
5.60870781e-08
-5.85809694e-08
5.01092678e-08
-3.64617101e-08
2.80208354e-08
-3.22299982e-08
4.53553284e-08
-5.51225234e-08
5.22127444e-08
-3.65733364e-08
1.38953737e-08
9.70653424e-09
-2.91027860e-08
3.92023267e-08
-3.56799745e-08
1.95634602e-08
4.95804509e-11
-1.35503315e-08
2.15024105e-08
-3.16867776e-08
4.55693971e-08
-5.47288685e-08
5.15875698e-08
-3.77106240e-08
1.98082528e-08
-1.55891455e-09
-1.83013977e-08
4.11119245e-08
-6.28813268e-08
7.41635091e-08
-6.63469848e-08
3.88491870e-08
2.57110278e-10
-3.95701534e-08
6.82106389e-08
-7.81456464e-08
7.07982437e-08
-6.02404526e-08
5.89649609e-08
-5.86728461e-08
3.63646535e-08
1.63695333e-08
-7.92884478e-08
1.22592098e-07
-1.32542738e-07
1.15430531e-07
-8.39350847e-08
4.52736622e-08
-1.52616053e-09
-4.15137578e-08
7.01180412e-08
-7.12195458e-08
4.51695961e-08
-8.81355877e-09
-1.42936170e-08
9.95722171e-09
1.59725708e-08
-4.21194066e-08
4.71414872e-08
-2.22030696e-08
-2.62674629e-08
8.10404828e-08
-1.23283158e-07
1.42549098e-07
-1.39755429e-07
1.20265057e-07
-8.57813589e-08
3.61121302e-08
2.14989910e-08
-7.00039990e-08
9.35862872e-08
-8.95981245e-08
6.67701130e-08
-3.45017064e-08
-1.19897070e-09
3.47071705e-08
-6.10870856e-08
7.84131444e-08
-8.59773621e-08
8.23230977e-08
-6.74207570e-08
4.55379272e-08
-2.44635956e-08
1.09786367e-08
-6.45083942e-09
6.15927087e-09
-2.64972044e-09
-7.80934073e-09
2.01546229e-08
-2.45415777e-08
1.69586336e-08
-2.75035972e-09
-1.07232312e-08
2.04477448e-08
-2.57750443e-08
2.45281608e-08
-1.41613947e-08
-4.11813383e-09
2.39601246e-08
-3.78116596e-08
4.39482797e-08
-4.87782721e-08
5.84321000e-08
-6.84135202e-08
6.64072175e-08
-4.54557458e-08
1.09573790e-08
2.28926353e-08
-3.98952622e-08
3.02544372e-08
5.56166169e-10
-3.31472094e-08
4.99796826e-08
-4.93613079e-08
4.14221546e-08
-3.33580061e-08
2.29784582e-08
-5.49194867e-09
-1.73797652e-08
3.65064778e-08
-4.33914984e-08
3.87718408e-08
-3.22007061e-08
3.33554944e-08
-4.48655761e-08
6.12656734e-08
-7.15983290e-08
6.53682406e-08
-4.06428597e-08
6.79279921e-09
2.16476899e-08
-3.34473782e-08
2.61234963e-08
-8.44812043e-09
-3.18849191e-09
-3.00777425e-09
2.32670967e-08
-4.12232737e-08
4.23842366e-08
-2.54943444e-08
1.30530065e-09
1.76436625e-08
-2.66342504e-08
3.10205692e-08
-3.93428223e-08
5.27069233e-08
-6.18393656e-08
5.61859537e-08
-3.53083855e-08
1.06436682e-08
4.35648806e-09
-6.80264201e-09
5.92520610e-09
-1.04055689e-08
1.79698301e-08
-2.15405560e-08
2.07469117e-08
-2.09682138e-08
2.33207764e-08
-2.08631743e-08
6.43428644e-09
1.60991576e-08
-3.16815196e-08
2.90726643e-08
-1.30939357e-08
-2.38698705e-09
8.53096527e-09
-3.85008514e-09
-9.62341318e-09
2.50145931e-08
-3.12279624e-08
2.23532375e-08
-4.59145610e-09
-1.03352438e-08
1.72355517e-08
-1.96432062e-08
2.16486669e-08
-2.21765024e-08
1.77782660e-08
-7.64075825e-09
-5.63774316e-09
1.88796534e-08
-3.03568122e-08
3.90647372e-08
-4.42811832e-08
4.72129287e-08
-5.06931777e-08
5.51288508e-08
-5.63234543e-08
4.86500227e-08
-2.95488238e-08
1.85083893e-09
2.60233044e-08
-4.32049880e-08
4.27898357e-08
-2.59589221e-08
-1.35608649e-10
2.69458091e-08
-4.73745274e-08
5.80012269e-08
-6.03406960e-08
5.75771573e-08
-4.97635568e-08
3.48097409e-08
-1.31605322e-08
-1.09982894e-08
3.11811057e-08
-4.02361593e-08
3.46061277e-08
-1.86907663e-08
2.24969776e-09
7.38931449e-09
-9.43444434e-09
7.53980522e-09
-6.83326595e-09
1.23853487e-08
-2.55713068e-08
3.98876168e-08
-4.46982682e-08
3.62399604e-08
-2.22495640e-08
1.32972424e-08
-1.18221619e-08
1.22943531e-08
-9.72786207e-09
3.61132946e-09
5.36865841e-09
-1.69073910e-08
2.79764869e-08
-3.21134195e-08
2.49976235e-08
-1.04993152e-08
-4.39974113e-10
-1.35827805e-09
1.40427696e-08
-2.44284042e-08
1.91060696e-08
3.18467652e-09
-3.13058628e-08
5.28624824e-08
-6.29182537e-08
6.28684447e-08
-5.54719897e-08
4.29664766e-08
-2.78279160e-08
1.30415820e-08
-1.38645095e-09
-5.05591391e-09
5.17158449e-09
2.46055343e-10
-7.73206388e-09
1.29681172e-08
-1.47964236e-08
1.64645950e-08
-2.13059526e-08
2.81814412e-08
-3.31066836e-08
3.45130111e-08
-3.45831843e-08
3.55531107e-08
-3.68999657e-08
3.68999693e-08
-3.55529650e-08
3.45802285e-08
-3.44793847e-08
3.28656320e-08
-2.70488503e-08
1.76302688e-08
-7.80522580e-09
-6.16740992e-10
8.27497626e-09
-1.47409418e-08
1.61191576e-08
-8.34499581e-09
-7.15109838e-09
2.24119283e-08
-2.86137318e-08
2.31842439e-08
-1.13753140e-08
7.58269281e-10
5.48346168e-09
-9.28433064e-09
1.28677922e-08
-1.59925388e-08
1.82844335e-08
-2.05875139e-08
2.20109655e-08
-1.82221616e-08
5.18065457e-09
1.53629625e-08
-3.45458027e-08
4.14098515e-08
-3.07806154e-08
7.34623473e-09
1.75643819e-08
-3.37461969e-08
3.82625203e-08
-3.51171749e-08
2.96241645e-08
-2.41922393e-08
1.91496348e-08
-1.48522483e-08
1.14658896e-08
-8.23664870e-09
4.37433334e-09
-6.44138909e-11
-4.03791578e-09
7.66764252e-09
-1.04424007e-08
1.08154552e-08
-6.73295109e-09
-1.98593408e-09
1.21398358e-08
-1.86145179e-08
1.81440800e-08
-1.20965531e-08
5.34008926e-09
-2.13021512e-09
2.93711033e-09
-4.56005234e-09
2.87133783e-09
3.78998655e-09
-1.31145788e-08
2.07102495e-08
-2.35134454e-08
2.14126281e-08
-1.63474798e-08
1.05924984e-08
-5.66742031e-09
2.10553952e-09
2.91072694e-10
-1.98368344e-09
3.13380877e-09
-3.37977157e-09
2.28694308e-09
9.09384096e-11
-3.19865534e-09
6.33026076e-09
-8.97988528e-09
1.10306795e-08
-1.25401423e-08
1.33765106e-08
-1.33150362e-08
1.22857031e-08
-1.02570219e-08
7.34655536e-09
-4.30922320e-09
2.25832530e-09
-1.59335090e-09
1.63528080e-09
-1.28621869e-09
-3.06133396e-10
3.32131167e-09
-6.87220414e-09
9.26667187e-09
-9.20546128e-09
6.72207268e-09
-2.80718471e-09
-1.54304081e-09
5.52029000e-09
-8.15118106e-09
8.61934790e-09
-7.07472125e-09
4.51261828e-09
-1.76583614e-09
-8.56256843e-10
3.05135250e-09
-4.40716441e-09
4.89042407e-09
-4.88019758e-09
4.63026550e-09
-4.08807521e-09
3.23526961e-09
-2.27262453e-09
1.42875889e-09
-7.77462539e-10
2.85000273e-10
6.77620599e-11
-2.58685212e-10
2.71492717e-10
-1.36643322e-10
-6.59620622e-11
2.74947121e-10
-5.40148926e-10
9.67687597e-10
-1.53817103e-09
2.10870255e-09
-2.63526689e-09
3.17167648e-09
-3.50030560e-09
3.02983461e-09
-1.41134482e-09
-9.23884358e-10
3.27248850e-09
-5.45923662e-09
7.51283391e-09
-8.81625795e-09
8.45572501e-09
-6.38393427e-09
3.43443718e-09
-1.97707156e-10
-3.22131766e-09
6.20058938e-09
-7.37564632e-09
6.01274319e-09
-3.04652703e-09
2.46614451e-10
1.29458444e-09
-1.63602121e-09
1.59339053e-09
-2.25832664e-09
4.30922320e-09
-7.34655536e-09
1.02570219e-08
-1.22857031e-08
1.33150362e-08
-1.33765106e-08
1.25401423e-08
-1.10306795e-08
8.97988528e-09
-6.33026076e-09
3.19865534e-09
-9.09384096e-11
-2.28694308e-09
3.37977157e-09
-3.13380877e-09
1.98368344e-09
-2.91072694e-10
-2.10553952e-09
5.66742031e-09
-1.05924984e-08
1.63474798e-08
-2.14126281e-08
2.35134454e-08
-2.07102495e-08
1.31145788e-08
-3.78998877e-09
-2.87126056e-09
4.55865301e-09
-2.92193669e-09
2.02930983e-09
-4.92473218e-09
1.10279590e-08
-1.64933596e-08
1.74218311e-08
-1.25579476e-08
3.04063552e-09
8.56873505e-09
-1.82657018e-08
2.20353424e-08
-1.90362641e-08
1.24060087e-08
-6.37130926e-09
3.02755510e-09
-1.39178280e-09
-1.04220443e-09
5.50431212e-09
-1.08704468e-08
1.57351909e-08
-2.05524255e-08
2.67191371e-08
-3.40614150e-08
3.99527025e-08
-4.08946406e-08
3.50908067e-08
-2.41950620e-08
1.28956819e-08
-5.91612404e-09
4.56277505e-09
-6.42857811e-09
8.19546031e-09
-7.96631383e-09
5.73769920e-09
-2.86706547e-09
9.30849509e-10
-8.93299656e-10
3.11765813e-09
-7.09995085e-09
1.11509886e-08
-1.34778606e-08
1.36866989e-08
-1.26175355e-08
1.07256986e-08
-7.05063652e-09
3.64832886e-10
8.30900948e-09
-1.50426303e-08
1.63036979e-08
-1.36428158e-08
1.38108538e-08
-2.18427800e-08
3.40852253e-08
-4.09293364e-08
3.72416196e-08
-2.76145560e-08
2.05464463e-08
-1.96406464e-08
2.13854765e-08
-1.99761381e-08
1.29187852e-08
-2.00862837e-09
-9.47910550e-09
1.86081248e-08
-2.25710259e-08
1.96379055e-08
-1.16458132e-08
4.12648404e-09
-2.30478592e-09
6.84390944e-09
-1.34627465e-08
1.56038062e-08
-8.07612910e-09
-8.55521520e-09
2.59696584e-08
-3.37477992e-08
2.91356432e-08
-1.87203177e-08
9.35191125e-09
-1.63370428e-09
-5.29759037e-09
7.74885756e-09
-1.37402734e-09
-1.14360077e-08
2.25889139e-08
-2.60770179e-08
2.26407035e-08
-1.73492491e-08
1.34650087e-08
-9.20832210e-09
1.65097014e-09
7.23913285e-09
-1.09259615e-08
4.27450964e-09
1.21528787e-08
-3.22190914e-08
4.73934989e-08
-5.21521990e-08
4.86387037e-08
-4.50304114e-08
4.72945665e-08
-5.29630171e-08
5.46177006e-08
-4.90784693e-08
4.17741930e-08
-4.19791206e-08
5.32335918e-08
-6.71505660e-08
6.76681680e-08
-4.42892336e-08
2.99308400e-09
3.56174894e-08
-5.08335631e-08
3.77294676e-08
-9.55821111e-09
-1.57115938e-08
2.88416935e-08
-2.97511189e-08
2.17827001e-08
-1.01299120e-08
1.43484835e-09
-3.63491792e-10
7.35321004e-09
-1.92432328e-08
3.00592440e-08
-3.34431327e-08
2.70159024e-08
-1.31166313e-08
-3.91716215e-09
1.79317787e-08
-2.09924398e-08
9.11823417e-09
1.24734232e-08
-3.44234614e-08
5.28867297e-08
-6.97579594e-08
8.49268531e-08
-9.47171230e-08
9.79339063e-08
-9.78795640e-08
9.79356969e-08
-9.83034099e-08
9.61073994e-08
-8.64764615e-08
6.52169234e-08
-3.30552190e-08
-2.24907071e-09
2.83817929e-08
-3.49572673e-08
2.12134026e-08
1.88144833e-09
-1.96533065e-08
2.39346267e-08
-1.48938728e-08
-2.26143815e-09
1.87411988e-08
-2.57479886e-08
2.18671570e-08
-1.39757237e-08
8.36698000e-09
-4.52256010e-09
-8.40471193e-10
7.57499752e-09
-1.30473561e-08
1.79999020e-08
-2.74132965e-08
4.26416307e-08
-5.59608004e-08
5.79735797e-08
-4.79615743e-08
3.29309557e-08
-2.05542126e-08
1.59089595e-08
-1.88858031e-08
2.20671357e-08
-1.78920505e-08
9.35284383e-09
-5.69223335e-09
7.07573022e-09
-3.62236841e-09
-8.36548786e-09
1.90217477e-08
-1.77762001e-08
6.89510626e-09
1.82673709e-09
5.53735946e-10
-1.42110634e-08
3.26655680e-08
-4.73218016e-08
5.35899751e-08
-5.52197079e-08
5.90967524e-08
-6.51338681e-08
6.72650557e-08
-6.55879902e-08
6.94234288e-08
-8.41246077e-08
1.01969313e-07
-1.11718691e-07
1.11315245e-07
-1.05877625e-07
9.88228095e-08
-8.95565080e-08
7.47510072e-08
-4.92171779e-08
1.18189725e-08
2.65877986e-08
-4.72625139e-08
3.97298052e-08
-1.10141993e-08
-2.18530900e-08
4.37118501e-08
-4.51825279e-08
2.31971100e-08
1.52594790e-08
-5.32930926e-08
7.45554942e-08
-7.36308365e-08
5.46323022e-08
-2.33637820e-08
-1.53607171e-08
5.44366969e-08
-8.28660944e-08
9.01493209e-08
-7.37048538e-08
4.38774421e-08
-2.09418793e-08
2.05027497e-08
-3.68766919e-08
4.57393412e-08
-2.96159381e-08
-2.13527196e-09
2.42732909e-08
-2.31315216e-08
5.84300563e-09
1.53896735e-08
-3.79240639e-08
6.43928786e-08
-9.10488041e-08
1.06306572e-07
-9.95153755e-08
6.87747033e-08
-2.14531930e-08
-3.03342631e-08
7.41523536e-08
-9.94241844e-08
9.99825431e-08
-7.86572087e-08
4.75161919e-08
-1.83988789e-08
-6.05653216e-09
2.82889463e-08
-4.62191139e-08
5.35843867e-08
-4.76615014e-08
3.13847046e-08
-9.33219635e-09
-1.36670373e-08
3.14916377e-08
-3.96341733e-08
3.94225701e-08
-3.62244030e-08
3.31773364e-08
-2.76903869e-08
1.43358614e-08
7.50488205e-09
-2.79686478e-08
3.03748706e-08
-3.74287890e-09
-4.46112800e-08
8.81463720e-08
-9.84181554e-08
6.91242192e-08
-2.18291714e-08
-1.45514578e-08
2.75952790e-08
-2.37593945e-08
1.37172913e-08
-2.74593015e-09
-7.67369102e-09
1.79881638e-08
-3.01029424e-08
4.24957562e-08
-4.81316107e-08
4.17328181e-08
-2.51905590e-08
5.30680744e-09
7.35270778e-09
-1.21951116e-09
-2.42425795e-08
5.23335224e-08
-6.38394013e-08
5.47981962e-08
-3.42505331e-08
1.05839115e-08
1.35777665e-08
-3.75291442e-08
5.90056786e-08
-7.38962029e-08
7.82861775e-08
-7.03768990e-08
5.04110034e-08
-2.21453185e-08
-3.90315824e-09
1.45435290e-08
-6.94830327e-09
-4.54434090e-09
-5.36546363e-11
2.64852389e-08
-6.06757027e-08
8.52903028e-08
-9.75429515e-08
1.04558204e-07
-1.06179712e-07
9.41663600e-08
-6.76117580e-08
3.75182445e-08
-1.46574841e-08
1.63860114e-09
2.61128119e-09
1.73982850e-09
-1.39113183e-08
3.04852144e-08
-4.63413024e-08
5.76451491e-08
-6.45627338e-08
6.90989879e-08
-6.84992685e-08
5.46725545e-08
-2.45197409e-08
-1.18302319e-08
3.82187721e-08
-4.74833506e-08
4.64019578e-08
-4.71822084e-08
5.64713787e-08
-6.99295697e-08
7.43738724e-08
-5.77009729e-08
2.04483186e-08
2.19049792e-08
-4.85992793e-08
4.68921257e-08
-2.01254977e-08
-1.37068712e-08
3.38047919e-08
-3.15535686e-08
1.40469947e-08
6.30351238e-09
-2.07550848e-08
2.46212348e-08
-1.79458350e-08
7.67479946e-09
-3.20855942e-09
8.08888956e-09
-1.72548429e-08
2.07942819e-08
-1.11246869e-08
-8.76369288e-09
2.40329978e-08
-1.98740828e-08
-4.08507228e-09
3.31866339e-08
-5.05116944e-08
4.86781566e-08
-3.12501456e-08
6.33045527e-09
1.94879810e-08
-4.21360937e-08
5.84282276e-08
-6.57969537e-08
6.26997974e-08
-4.81925504e-08
2.38508449e-08
1.99399830e-09
-1.65969549e-08
1.45034171e-08
-4.30505454e-09
-1.29071909e-09
-3.14120896e-10
2.39191555e-09
-7.68542119e-10
-1.55498814e-09
2.95236113e-10
5.52935209e-09
-1.60243925e-08
3.34095240e-08
-5.85394559e-08
8.42247374e-08
-9.58911599e-08
8.27722459e-08
-4.93887065e-08
1.52569850e-08
-1.00179776e-09
1.02894626e-08
-2.41384370e-08
1.82126580e-08
1.21463488e-08
-4.97853989e-08
7.80385676e-08
-9.47571124e-08
1.03792090e-07
-1.05852422e-07
1.02275372e-07
-9.77947110e-08
9.33952222e-08
-8.15046306e-08
5.39863585e-08
-1.40410386e-08
-2.33396360e-08
4.33091749e-08
-4.18108996e-08
2.50664343e-08
-2.31972752e-09
-1.94366176e-08
3.61054155e-08
-4.38117986e-08
3.73043179e-08
-1.49834190e-08
-1.46621115e-08
3.80918657e-08
-4.99782757e-08
5.53695259e-08
-5.70999141e-08
4.90069283e-08
-2.63304933e-08
-3.32699779e-09
2.44844625e-08
-2.50798546e-08
1.97384886e-09
3.68355728e-08
-7.22571585e-08
8.44394137e-08
-6.96501203e-08
4.54082212e-08
-3.54004186e-08
4.77334154e-08
-6.93838302e-08
8.32842346e-08
-8.58873719e-08
8.38050838e-08
-8.05568803e-08
7.39491242e-08
-6.06166992e-08
3.73502154e-08
-4.20585700e-09
-2.95068734e-08
4.96205708e-08
-5.17088488e-08
4.54216504e-08
-4.10949106e-08
3.67139634e-08
-2.25646204e-08
-1.74550452e-09
2.04474233e-08
-1.74512582e-08
-3.83652221e-09
2.34536159e-08
-2.52422119e-08
7.60209673e-09
2.22618830e-08
-5.51211841e-08
8.02596958e-08
-8.76435138e-08
7.47284474e-08
-5.01004962e-08
2.96333482e-08
-2.74010219e-08
4.46820856e-08
-6.68985578e-08
7.68906503e-08
-7.10012884e-08
5.85928142e-08
-5.05539326e-08
5.25527746e-08
-6.32599892e-08
7.44522168e-08
-7.72378499e-08
7.05552878e-08
-6.04968662e-08
5.15624237e-08
-4.21786019e-08
2.94006082e-08
-1.56451865e-08
7.78396902e-09
-8.71240946e-09
1.37237253e-08
-1.75559975e-08
2.01953974e-08
-2.33262174e-08
2.61184994e-08
-2.61184478e-08
2.14573710e-08
-1.43292329e-08
1.35108991e-08
-2.67288058e-08
4.83891256e-08
-6.25477838e-08
6.00212502e-08
-4.58659279e-08
2.98564302e-08
-1.62631242e-08
3.24367377e-09
1.24909301e-08
-3.13385087e-08
4.98452906e-08
-6.36636983e-08
7.02525895e-08
-6.86990802e-08
5.98012520e-08
-4.72898947e-08
3.62555319e-08
-2.82849211e-08
1.87954097e-08
-2.02871986e-09
-1.92935588e-08
3.27415073e-08
-2.90643172e-08
1.35375711e-08
-1.12718335e-10
-2.84700663e-09
-2.79867440e-09
1.10148246e-08
-1.69644370e-08
1.77429360e-08
-1.25013111e-08
2.07102979e-09
1.30741400e-08
-3.20729043e-08
4.94408781e-08
-5.47792318e-08
3.94486293e-08
-4.84806950e-09
-3.46662254e-08
5.93639307e-08
-5.91225167e-08
4.17960493e-08
-2.51134598e-08
2.00945554e-08
-2.30408119e-08
2.32745450e-08
-1.66562906e-08
8.86868357e-09
-5.86849147e-09
6.12849771e-09
-4.82461537e-09
8.31374580e-10
4.91052221e-09
-1.45680588e-08
3.00348937e-08
-4.37432277e-08
4.12074499e-08
-1.83627815e-08
-9.88408644e-09
2.38445139e-08
-1.66489045e-08
-3.99288957e-09
2.38966589e-08
-3.06101207e-08
2.11212949e-08
-5.03583264e-09
-2.83285839e-09
-4.33551994e-09
1.92440677e-08
-2.79770997e-08
2.33592914e-08
-1.06553886e-08
1.60970615e-09
-3.89803345e-09
1.52889115e-08
-2.74323000e-08
3.47570719e-08
-3.84748162e-08
4.38008030e-08
-5.63153648e-08
7.84304035e-08
-1.04410191e-07
1.20169844e-07
-1.13985919e-07
8.95000341e-08
-6.42008970e-08
5.18919734e-08
-4.92034218e-08
4.21862794e-08
-2.27099441e-08
-6.49951470e-09
3.96534965e-08
-7.14819350e-08
9.23885253e-08
-9.07668749e-08
6.57065016e-08
-3.17377875e-08
7.94608113e-09
-4.66767647e-09
1.83563156e-08
-3.55537928e-08
4.42881216e-08
-4.40039472e-08
4.22576605e-08
-4.21538928e-08
3.72979123e-08
-1.97944061e-08
-1.00619717e-08
4.30768523e-08
-6.85414960e-08
8.19973351e-08
-8.61004636e-08
8.36648155e-08
-7.07900867e-08
3.93445703e-08
1.13152128e-08
-6.50983267e-08
9.56754604e-08
-8.70413430e-08
4.87239262e-08
-8.66036221e-09
-1.07027676e-08
8.56164650e-09
2.71597300e-09
-1.68010139e-08
3.59423851e-08
-5.71999834e-08
6.83526338e-08
-6.09258493e-08
3.98517770e-08
-1.62851297e-08
-5.57557467e-09
3.00977518e-08
-5.88340789e-08
8.30372500e-08
-9.06726356e-08
7.63742491e-08
-4.30029345e-08
9.45106549e-10
3.21341105e-08
-4.02758040e-08
2.29608332e-08
3.95951361e-09
-2.16498464e-08
2.11544489e-08
-6.89484336e-09
-9.93761162e-09
2.31211583e-08
-3.50655789e-08
4.85025495e-08
-6.15851761e-08
7.29176719e-08
-8.26153297e-08
8.66127010e-08
-7.87197791e-08
5.93685527e-08
-3.54218095e-08
1.28779529e-08
4.11348244e-09
-1.03286961e-08
3.40885942e-09
8.56123084e-09
-9.75105241e-09
-7.61988339e-09
3.29339080e-08
-4.94539201e-08
5.46330376e-08
-5.96604437e-08
7.05482108e-08
-7.88041348e-08
7.12394552e-08
-4.32127756e-08
2.33845809e-09
3.63883217e-08
-5.79092543e-08
5.30867119e-08
-2.26725376e-08
-2.22545928e-08
6.62528095e-08
-9.89904123e-08
1.18727939e-07
-1.26995488e-07
1.23843080e-07
-1.09711777e-07
8.79285764e-08
-6.33144381e-08
4.05789997e-08
-2.35224640e-08
1.21368817e-08
-1.39640510e-09
-1.19482984e-08
2.15135092e-08
-1.68816783e-08
-1.14051979e-09
1.79631741e-08
-2.18898926e-08
1.75823018e-08
-1.74869594e-08
2.35639597e-08
-2.52436330e-08
1.63872649e-08
-5.79443071e-09
5.24973132e-09
-1.40967096e-08
2.32158293e-08
-2.91151814e-08
3.62308015e-08
-4.75981885e-08
5.92794009e-08
-6.37466755e-08
5.50786901e-08
-3.15593383e-08
-2.30052200e-09
3.55338159e-08
-5.63372780e-08
5.98966849e-08
-5.02355064e-08
3.60686272e-08
-2.65411657e-08
2.71843241e-08
-3.43375461e-08
3.47536400e-08
-1.68619074e-08
-1.62159886e-08
4.83458713e-08
-6.53870913e-08
6.55533512e-08
-5.52837633e-08
3.95648776e-08
-1.96835472e-08
-1.45765977e-09
1.69860268e-08
-2.12653362e-08
1.57127555e-08
-8.97227714e-09
1.21028352e-08
-3.11876391e-08
6.21547400e-08
-9.39449691e-08
1.16759516e-07
-1.25363613e-07
1.17213631e-07
-9.31611410e-08
6.06028294e-08
-3.21381073e-08
1.83755038e-08
-2.08730064e-08
3.16299520e-08
-3.99764595e-08
4.10241618e-08
-3.85194454e-08
4.03967917e-08
-5.16152525e-08
6.99522786e-08
-8.71498571e-08
9.44447436e-08
-8.83698448e-08
7.17800006e-08
-5.07556557e-08
3.24517728e-08
-2.36850166e-08
2.70721969e-08
-3.80560330e-08
4.75413309e-08
-4.73059352e-08
3.30799566e-08
-4.95501506e-09
-3.30898757e-08
7.37961514e-08
-1.07570671e-07
1.25541220e-07
-1.24803762e-07
1.10048632e-07
-8.86924596e-08
6.72732625e-08
-5.23513606e-08
4.72031303e-08
-4.56868108e-08
3.70901390e-08
-1.85120843e-08
-3.54965701e-09
2.22586305e-08
-3.48414346e-08
4.02535285e-08
-3.80028098e-08
2.83713124e-08
-1.15955325e-08
-1.12276197e-08
3.53755709e-08
-5.35365707e-08
6.17781950e-08
-6.31988328e-08
6.45065867e-08
-7.01630398e-08
7.94523345e-08
-8.61491500e-08
8.13680714e-08
-6.10920097e-08
3.16560111e-08
-4.82718132e-09
-1.23512880e-08
2.09679119e-08
-2.57960586e-08
3.05486445e-08
-3.59434651e-08
3.95588806e-08
-3.82859220e-08
3.22404787e-08
-2.47039456e-08
1.75440125e-08
-9.57176916e-09
6.17769003e-10
6.04320638e-09
-7.67321229e-09
6.75233647e-09
-9.22126642e-09
1.79240551e-08
-2.98659231e-08
4.09009893e-08
-5.01087030e-08
5.71587968e-08
-5.88901088e-08
5.24155794e-08
-3.96022521e-08
2.56964974e-08
-1.50290340e-08
9.36947320e-09
-8.56670912e-09
1.13609371e-08
-1.60253677e-08
2.05883151e-08
-2.31654838e-08
2.31749766e-08
-2.15813003e-08
1.88714395e-08
-1.39608964e-08
6.62987798e-09
2.04515016e-11
-1.97203187e-09
-7.16359971e-10
3.79912102e-09
-4.09541068e-09
1.59190894e-09
4.36744285e-09
-1.63790848e-08
3.35317161e-08
-4.78135505e-08
5.00288166e-08
-3.89312085e-08
2.16936087e-08
-5.29849364e-09
-9.37035782e-09
2.37222171e-08
-3.49867904e-08
3.66212589e-08
-2.47507348e-08
2.78560730e-09
2.02827355e-08
-3.55583047e-08
3.88683894e-08
-3.20915383e-08
2.16490434e-08
-1.42974601e-08
1.22733423e-08
-1.29408422e-08
1.34458427e-08
-1.38905198e-08
1.57222537e-08
-1.89394473e-08
2.11362856e-08
-1.86439699e-08
9.74839853e-09
2.82100432e-09
-1.43626400e-08
2.29633770e-08
-2.94514635e-08
3.34852501e-08
-3.29574057e-08
2.67845603e-08
-1.53591930e-08
-9.87217197e-10
2.09193658e-08
-3.97562765e-08
5.07878219e-08
-4.98164354e-08
3.82974719e-08
-2.26627588e-08
1.03413829e-08
-4.87080420e-09
4.07579792e-09
-3.06184300e-09
-1.08978804e-09
7.08745151e-09
-1.08108349e-08
8.63876437e-09
-1.61788402e-10
-1.13462111e-08
2.08273754e-08
-2.46540282e-08
2.27477130e-08
-1.74356565e-08
1.04605888e-08
-2.25003682e-09
-5.68384939e-09
9.64770663e-09
-7.05744263e-09
2.47956822e-10
4.63783989e-09
-2.77446000e-09
-5.48115464e-09
1.48578181e-08
-1.87641707e-08
1.38882665e-08
-2.55283461e-09
-9.58188728e-09
1.83053412e-08
-2.30521113e-08
2.52768526e-08
-2.63082320e-08
2.67752753e-08
-2.68807892e-08
2.66910334e-08
-2.62171298e-08
2.51090366e-08
-2.23691998e-08
1.69619128e-08
-9.05903796e-09
3.37251976e-10
7.12557124e-09
-1.18166827e-08
1.28316842e-08
-1.00171311e-08
4.52847981e-09
1.26456845e-09
-4.92576113e-09
5.33821209e-09
-3.22469895e-09
1.98399450e-10
2.74912959e-09
-5.54043300e-09
8.06258171e-09
-9.69401892e-09
9.83552972e-09
-8.40045722e-09
5.83995563e-09
-3.08581383e-09
1.22843025e-09
-6.88428814e-10
7.39375172e-10
-1.74331438e-10
-1.58863811e-09
4.05970768e-09
-6.04282047e-09
6.43757270e-09
-5.02438091e-09
2.69082512e-09
-8.58889182e-10
4.84230378e-10
-1.39689860e-09
1.98679428e-09
3.39811841e-08
-9.37635320e-07
1.19978386e-05
-8.19406487e-05
3.24051216e-04
-9.13157884e-04
1.15990127e-03
-3.06951511e-03
-5.96046448e-08
5.96046448e-08
3.06951511e-03
