-3.67356371e-03
4.32416657e-03
-4.32416657e-03
3.67356371e-03
-2.64783436e-03
1.61499972e-03
-8.30256206e-04
3.57852987e-04
-1.28460495e-04
3.81049358e-05
-9.25509357e-06
1.82040719e-06
-2.84261773e-07
3.14217310e-08
2.97323588e-09
-9.41937284e-09
1.30866198e-08
-1.49667834e-08
1.40009018e-08
-1.01726378e-08
4.57106575e-09
1.38171408e-09
-6.73959644e-09
1.13452368e-08
-1.55577435e-08
1.96900043e-08
-2.35443469e-08
2.62827200e-08
-2.66652371e-08
2.35605384e-08
-1.65421294e-08
6.31369179e-09
5.25531441e-09
-1.55163011e-08
2.16999929e-08
-2.16509655e-08
1.44585979e-08
-7.88197063e-10
-1.72160526e-08
3.63319081e-08
-5.26704369e-08
6.21114609e-08
-6.13044904e-08
4.95479284e-08
-3.05354391e-08
1.19861010e-08
-2.34485875e-09
6.40880637e-09
-2.29708945e-08
4.58340246e-08
-6.68417428e-08
7.87992320e-08
-7.74212552e-08
6.24931360e-08
-3.81101160e-08
1.13490000e-08
1.06361888e-08
-2.37417161e-08
2.83305823e-08
-2.79817698e-08
2.64673083e-08
-2.51225387e-08
2.24529515e-08
-1.60780207e-08
5.24842791e-09
8.21505797e-09
-2.11652189e-08
3.11527621e-08
-3.73999463e-08
4.02542675e-08
-4.00841742e-08
3.67388076e-08
-2.99278788e-08
2.01084305e-08
-9.08251874e-09
-3.75797532e-10
5.87720805e-09
-6.91071111e-09
5.27549116e-09
-3.83613585e-09
4.30042935e-09
-5.85423221e-09
6.15300344e-09
-4.02113454e-09
1.09189346e-09
-2.13164875e-10
1.82058157e-09
-2.07504436e-09
-4.93246333e-09
2.27926478e-08
-5.01918151e-08
8.19424386e-08
-1.11954606e-07
1.35496222e-07
-1.49703993e-07
1.52991646e-07
-1.44460174e-07
1.24072642e-07
-9.34958351e-08
5.64416709e-08
-1.74091976e-08
-2.04076347e-08
5.56805304e-08
-8.68652208e-08
1.09672783e-07
-1.17715651e-07
1.07066043e-07
-8.08155036e-08
4.87222067e-08
-2.15475389e-08
4.90388485e-09
2.55616106e-09
-6.36193676e-09
1.20628529e-08
-2.24741434e-08
3.71812163e-08
-5.37961427e-08
6.94671911e-08
-8.10609961e-08
8.44173869e-08
-7.51579847e-08
5.21273655e-08
-2.05754578e-08
-8.98275054e-09
2.64128808e-08
-2.77233454e-08
1.64502527e-08
-2.34846670e-10
-1.41087710e-08
2.35669031e-08
-2.89584925e-08
3.31315952e-08
-3.87214030e-08
4.64995118e-08
-5.51679022e-08
6.26795611e-08
-6.77819898e-08
7.02696710e-08
-7.00715077e-08
6.67298323e-08
-6.01750827e-08
5.19711385e-08
-4.55784637e-08
4.50424302e-08
-5.26763202e-08
6.70219933e-08
-8.25149158e-08
9.15593645e-08
-8.82136746e-08
7.14494988e-08
-4.59805314e-08
2.00009094e-08
-1.19288246e-09
-6.29242081e-09
2.13173612e-09
1.15845369e-08
-3.11820436e-08
5.13781941e-08
-6.64719124e-08
7.35831875e-08
-7.52852216e-08
7.83029108e-08
-8.86382949e-08
1.07108072e-07
-1.28617387e-07
1.44983105e-07
-1.48830907e-07
1.36169064e-07
-1.06476115e-07
6.11240907e-08
-2.84913360e-09
-6.19446325e-08
1.20465145e-07
-1.55458267e-07
1.53387091e-07
-1.13677544e-07
5.11769755e-08
1.12718235e-08
-5.53154251e-08
7.56584200e-08
-7.89584718e-08
7.54897229e-08
-7.19012760e-08
7.07912875e-08
-7.44571977e-08
8.61437996e-08
-1.06982192e-07
1.33110859e-07
-1.56685346e-07
1.69265405e-07
-1.64552034e-07
1.40232274e-07
-9.98079628e-08
5.31822089e-08
-1.39118637e-08
-6.46573906e-09
3.84868759e-09
1.66716916e-08
-4.41485355e-08
6.86656492e-08
-8.73064678e-08
1.04320812e-07
-1.24671402e-07
1.46343027e-07
-1.59030947e-07
1.51455311e-07
-1.20903195e-07
7.60856977e-08
-3.15471809e-08
3.38287731e-10
8.81606432e-09
8.79768081e-09
-5.24886801e-08
1.13043420e-07
-1.73022116e-07
2.13276422e-07
-2.21814645e-07
1.98637721e-07
-1.54068090e-07
1.03060586e-07
-5.94098779e-08
3.22409406e-08
-2.50641410e-08
3.61227066e-08
-5.86007971e-08
8.09198895e-08
-8.89827518e-08
7.13849460e-08
-2.58348081e-08
-3.70365711e-08
9.60891953e-08
-1.28991047e-07
1.23838831e-07
-8.49018633e-08
2.81106782e-08
2.88661361e-08
-7.30857721e-08
9.66445981e-08
-9.55898827e-08
7.10844859e-08
-3.05304830e-08
-1.46527812e-08
5.35158478e-08
-7.88833248e-08
8.81724347e-08
-8.26128854e-08
6.55191741e-08
-4.01486737e-08
8.96812935e-09
2.41727101e-08
-5.11818712e-08
6.12434334e-08
-4.82282871e-08
1.78778023e-08
1.34781777e-08
-2.90035178e-08
2.11958486e-08
6.77811363e-09
-4.67387906e-08
9.04259139e-08
-1.29921631e-07
1.56575709e-07
-1.62226925e-07
1.42593251e-07
-1.00319340e-07
4.56475036e-08
6.19501650e-09
-4.03404492e-08
4.80135931e-08
-3.00920142e-08
-2.52645660e-09
3.20492433e-08
-4.08269472e-08
2.04234833e-08
2.31565966e-08
-7.33050598e-08
1.13382065e-07
-1.35117602e-07
1.38818024e-07
-1.28360298e-07
1.07835547e-07
-8.17859345e-08
5.54384236e-08
-3.25754321e-08
1.35311442e-08
3.27348260e-09
-1.70441226e-08
2.21293686e-08
-1.06558939e-08
-2.12146798e-08
6.82927990e-08
-1.16655869e-07
1.49591159e-07
-1.55952804e-07
1.35996103e-07
-1.01017648e-07
6.71631355e-08
-4.76285038e-08
4.76918132e-08
-6.38727755e-08
8.58331788e-08
-9.98771625e-08
9.44099838e-08
-6.70188456e-08
2.94688220e-08
-5.06106357e-09
1.68024563e-08
-7.27903995e-08
1.59437548e-07
-2.48162195e-07
3.10473894e-07
-3.30140836e-07
3.05530818e-07
-2.44918766e-07
1.61751657e-07
-7.26158191e-08
-4.72144457e-09
5.57299202e-08
-7.45284296e-08
6.61854287e-08
-4.32311786e-08
1.82228401e-08
2.03591033e-09
-1.63059664e-08
2.42747831e-08
-2.31331434e-08
8.94020502e-09
1.90822007e-08
-5.59496307e-08
9.26098451e-08
-1.20297969e-07
1.33545313e-07
-1.29782478e-07
1.07864480e-07
-6.91857025e-08
2.08130420e-08
2.45539287e-08
-5.49259305e-08
6.73930316e-08
-7.05994907e-08
7.83731195e-08
-9.94416851e-08
1.30865317e-07
-1.59172288e-07
1.67497490e-07
-1.43480307e-07
8.37114627e-08
5.01435826e-09
-1.05371292e-07
1.91602766e-07
-2.38460899e-07
2.35503165e-07
-1.95852806e-07
1.49234410e-07
-1.22331087e-07
1.21640966e-07
-1.32128605e-07
1.31411554e-07
-1.07058668e-07
6.36453237e-08
-1.58968483e-08
-2.41104150e-08
5.39910907e-08
-7.79123539e-08
9.94316736e-08
-1.18860896e-07
1.36066447e-07
-1.52394634e-07
1.67813440e-07
-1.77285699e-07
1.72442910e-07
-1.47879987e-07
1.05232424e-07
-5.11102130e-08
-7.34142303e-09
6.36507593e-08
-1.10069394e-07
1.36860507e-07
-1.34789360e-07
9.87774982e-08
-3.10472359e-08
-5.58945850e-08
1.37743854e-07
-1.82976919e-07
1.66161541e-07
-8.42341450e-08
-3.66741695e-08
1.52037572e-07
-2.21793272e-07
2.29389030e-07
-1.85081845e-07
1.14995160e-07
-4.60426364e-08
-5.24701527e-09
3.72956883e-08
-6.05115815e-08
8.71618653e-08
-1.19441381e-07
1.45339627e-07
-1.47765149e-07
1.20730604e-07
-7.79090925e-08
4.36816876e-08
-3.28860317e-08
3.76376477e-08
-3.41050992e-08
3.46565954e-09
5.15903373e-08
-1.08647477e-07
1.43488421e-07
-1.49172607e-07
1.40712075e-07
-1.41689924e-07
1.64854313e-07
-2.03956319e-07
2.42491723e-07
-2.68286868e-07
2.79101044e-07
-2.76391120e-07
2.57408516e-07
-2.16105164e-07
1.52142547e-07
-7.73388393e-08
1.08016778e-08
3.41216655e-08
-5.86795359e-08
7.43645359e-08
-8.93218015e-08
9.88403457e-08
-8.95497720e-08
5.37242180e-08
-5.69313541e-10
-4.53813414e-08
5.71411007e-08
-1.97781027e-08
-6.22064462e-08
1.67392557e-07
-2.66908700e-07
3.35138168e-07
-3.56908629e-07
3.29717579e-07
-2.61863448e-07
1.67679616e-07
-6.17729512e-08
-4.45483330e-08
1.42832533e-07
-2.25147474e-07
2.83553419e-07
-3.12274551e-07
3.10403465e-07
-2.83162422e-07
2.41346584e-07
-1.98942743e-07
1.68898012e-07
-1.58281097e-07
1.65493390e-07
-1.81484310e-07
1.94266192e-07
-1.93947201e-07
1.75782830e-07
-1.40509982e-07
9.24902324e-08
-3.66333346e-08
-2.41507330e-08
8.85416966e-08
-1.52786939e-07
2.06706005e-07
-2.35555746e-07
2.29173423e-07
-1.91501584e-07
1.40742969e-07
-9.82757200e-08
7.56337428e-08
-7.05473937e-08
7.34859782e-08
-7.68512010e-08
7.91745691e-08
-8.31926812e-08
9.15281433e-08
-1.04008890e-07
1.18140917e-07
-1.31378656e-07
1.42831695e-07
-1.53435607e-07
1.65166142e-07
-1.79710383e-07
1.96547930e-07
-2.11557364e-07
2.18420496e-07
-2.13131131e-07
1.97918155e-07
-1.80130073e-07
1.66257976e-07
-1.56444656e-07
1.44759596e-07
-1.25480156e-07
1.00374791e-07
-8.05605254e-08
8.02023123e-08
-1.05954598e-07
1.50113522e-07
-1.92909710e-07
2.12523219e-07
-1.96289463e-07
1.46671283e-07
-7.96865436e-08
1.77291977e-08
1.99067607e-08
-2.59048587e-08
9.38460065e-09
8.62760707e-09
-8.42590087e-09
-1.56376725e-08
5.38712506e-08
-9.16057772e-08
1.19537461e-07
-1.34220528e-07
1.31914589e-07
-1.06448546e-07
5.49943380e-08
1.53358073e-08
-8.81629347e-08
1.45152555e-07
-1.73225018e-07
1.67750414e-07
-1.32945104e-07
8.10777507e-08
-2.99670297e-08
-1.71480996e-09
4.48471593e-10
3.62062629e-08
-9.60763629e-08
1.55163718e-07
-1.88765540e-07
1.85516953e-07
-1.53104679e-07
1.09507731e-07
-6.74081235e-08
2.69252762e-08
1.70321055e-08
-6.24053129e-08
9.66960769e-08
-1.05525579e-07
8.32126901e-08
-3.55698830e-08
-2.49570089e-08
8.49521484e-08
-1.32520270e-07
1.58821678e-07
-1.61383340e-07
1.46877753e-07
-1.28509669e-07
1.17491652e-07
-1.14459347e-07
1.07919966e-07
-8.18421029e-08
2.77284382e-08
4.71484256e-08
-1.21614548e-07
1.71939803e-07
-1.85213935e-07
1.66072695e-07
-1.32951314e-07
1.06500501e-07
-9.69471898e-08
9.81602639e-08
-9.33318205e-08
6.95557105e-08
-2.98838820e-08
-8.97926622e-09
3.27681704e-08
-4.42740813e-08
6.13085120e-08
-9.95286342e-08
1.56970685e-07
-2.14611447e-07
2.50936523e-07
-2.56111747e-07
2.34122282e-07
-1.94107031e-07
1.41248975e-07
-7.51176259e-08
-5.40340839e-09
9.61604911e-08
-1.84612333e-07
2.51145764e-07
-2.76043437e-07
2.50728448e-07
-1.86189880e-07
1.09992385e-07
-5.15495593e-08
2.65651394e-08
-3.27911032e-08
5.82242876e-08
-9.19213790e-08
1.28138467e-07
-1.63197399e-07
1.90494262e-07
-1.98834783e-07
1.76438334e-07
-1.19048792e-07
3.60254759e-08
5.20932595e-08
-1.24108425e-07
1.68780332e-07
-1.88235376e-07
1.93848180e-07
-1.98872954e-07
2.11405478e-07
-2.29684602e-07
2.41956286e-07
-2.32341321e-07
1.90013623e-07
-1.15261436e-07
1.83567916e-08
8.61088978e-08
-1.83966719e-07
2.63680448e-07
-3.17979158e-07
3.45216932e-07
-3.48465960e-07
3.32453027e-07
-3.01639830e-07
2.61336766e-07
-2.19250524e-07
1.83860280e-07
-1.60335873e-07
1.48617914e-07
-1.46212670e-07
1.52549575e-07
-1.69679240e-07
1.98263280e-07
-2.33100906e-07
2.62948106e-07
-2.75369359e-07
2.63490449e-07
-2.30422529e-07
1.88038598e-07
-1.49665524e-07
1.21445808e-07
-1.00143779e-07
8.00071476e-08
-6.15603142e-08
5.27564090e-08
-6.14246218e-08
8.70146550e-08
-1.19278511e-07
1.44263296e-07
-1.52556737e-07
1.44541872e-07
-1.29814794e-07
1.20749590e-07
-1.23688466e-07
1.33901111e-07
-1.38533196e-07
1.25333884e-07
-9.02934829e-08
3.93643198e-08
1.49176742e-08
-5.83867568e-08
7.98363260e-08
-7.49261702e-08
4.79864788e-08
-9.35159683e-09
-3.10243031e-08
6.82526178e-08
-1.00975001e-07
1.26207780e-07
-1.37536659e-07
1.29025409e-07
-9.98522083e-08
5.43863123e-08
1.26760147e-09
-6.11764364e-08
1.17745259e-07
-1.59391064e-07
1.72301327e-07
-1.46805192e-07
8.40305248e-08
2.23354046e-09
-9.01419028e-08
1.58722457e-07
-1.96790367e-07
2.06315491e-07
-1.96275820e-07
1.70488676e-07
-1.21297219e-07
3.80969958e-08
7.58995569e-08
-1.96225272e-07
2.88027309e-07
-3.25421240e-07
3.02541878e-07
-2.30508178e-07
1.28394660e-07
-1.79307094e-08
-7.74611664e-08
1.35780311e-07
-1.45148704e-07
1.12654249e-07
-6.38817284e-08
2.96830081e-08
-2.75074097e-08
5.02155544e-08
-7.05022458e-08
5.78663375e-08
3.21936811e-09
-1.04813481e-07
2.20245141e-07
-3.17444659e-07
3.71976057e-07
-3.72771922e-07
3.20323835e-07
-2.23052410e-07
9.67238094e-08
3.48508564e-08
-1.43490539e-07
2.05943650e-07
-2.12751118e-07
1.69961524e-07
-9.36575546e-08
2.69070988e-09
8.60915961e-08
-1.59736288e-07
2.09490196e-07
-2.30639628e-07
2.22816368e-07
-1.90914378e-07
1.45106370e-07
-9.80690942e-08
5.97621082e-08
-3.29881793e-08
1.33942750e-08
5.40351675e-09
-2.52406327e-08
4.09574099e-08
-4.44849100e-08
3.17827578e-08
-6.35740260e-09
-2.29112693e-08
4.62892906e-08
-5.61060034e-08
4.78705537e-08
-2.14276135e-08
-1.80392714e-08
6.15133118e-08
-1.00766478e-07
1.32522800e-07
-1.57526785e-07
1.74765177e-07
-1.77232721e-07
1.55275416e-07
-1.05972511e-07
4.03704519e-08
1.85010816e-08
-4.68686103e-08
3.38867991e-08
1.15925314e-08
-6.65851587e-08
1.08090489e-07
-1.24700520e-07
1.17426453e-07
-9.22628587e-08
5.40246070e-08
-6.94147362e-09
-4.16661692e-08
8.16403940e-08
-1.05765743e-07
1.15567964e-07
-1.20778836e-07
1.31931500e-07
-1.51673220e-07
1.71370829e-07
-1.75675794e-07
1.52418025e-07
-1.01599589e-07
3.73933489e-08
1.87217530e-08
-4.98451271e-08
5.33515880e-08
-4.20464836e-08
3.52030014e-08
-4.48086155e-08
6.69028850e-08
-8.49584794e-08
8.26551130e-08
-5.55393989e-08
1.25434019e-08
3.24787592e-08
-7.08478467e-08
1.02135154e-07
-1.28713637e-07
1.48352058e-07
-1.53087697e-07
1.36076295e-07
-9.95812997e-08
5.55497870e-08
-1.75389978e-08
-8.32667002e-09
2.48742484e-08
-3.77455436e-08
4.93111756e-08
-5.84418487e-08
6.36235740e-08
-6.36561310e-08
5.56945956e-08
-3.58269148e-08
4.34345360e-09
2.98207716e-08
-5.24436885e-08
5.41143059e-08
-3.78888210e-08
1.73083077e-08
-7.01252656e-09
1.37336684e-08
-3.29687957e-08
5.20386543e-08
-5.77109773e-08
4.43222277e-08
-1.67754894e-08
-1.40004817e-08
3.87520132e-08
-5.37694440e-08
5.89343827e-08
-5.41796226e-08
3.87697519e-08
-1.31898910e-08
-1.94626022e-08
5.42428076e-08
-8.63326335e-08
1.12693861e-07
-1.32687035e-07
1.47315504e-07
-1.57022328e-07
1.59266307e-07
-1.48287455e-07
1.18384683e-07
-6.91047006e-08
8.72265371e-09
4.69615955e-08
-8.06488245e-08
8.12671743e-08
-4.89007874e-08
-5.77937298e-09
6.67251570e-08
-1.19044742e-07
1.53429866e-07
-1.66705021e-07
1.59336068e-07
-1.32870539e-07
8.98685357e-08
-3.59556331e-08
-1.88081906e-08
6.16916154e-08
-8.21819697e-08
7.73214452e-08
-5.36227063e-08
2.34998474e-08
1.74807879e-09
-1.76622379e-08
2.76010965e-08
-3.89367258e-08
5.69364786e-08
-7.99473483e-08
9.95078224e-08
-1.06266775e-07
9.73745884e-08
-7.86137164e-08
5.91787455e-08
-4.43546710e-08
3.28228609e-08
-1.97014014e-08
1.20290777e-09
2.26190000e-08
-4.73512749e-08
6.55346497e-08
-7.03215264e-08
6.05946866e-08
-4.35510543e-08
3.08330392e-08
-2.95476301e-08
3.53247529e-08
-3.42812747e-08
1.33160274e-08
2.96307281e-08
-8.37571790e-08
1.32534907e-07
-1.62907938e-07
1.69871853e-07
-1.55538132e-07
1.26014569e-07
-8.89603697e-08
5.22212211e-08
-2.27478267e-08
5.31779420e-09
-1.27837385e-09
8.09857070e-09
-2.06371027e-08
3.40211130e-08
-4.62487293e-08
5.82209516e-08
-7.12144654e-08
8.45816146e-08
-9.61139150e-08
1.04231681e-07
-1.09171346e-07
1.12058729e-07
-1.13511739e-07
1.13495382e-07
-1.11958350e-07
1.08749056e-07
-1.02791610e-07
9.20682766e-08
-7.51112736e-08
5.25760626e-08
-2.72183804e-08
2.70855849e-09
1.69485812e-08
-2.71905982e-08
2.38094451e-08
-6.03193095e-09
-2.05790194e-08
4.51510225e-08
-5.70946774e-08
5.22368246e-08
-3.44548674e-08
1.17911059e-08
9.09742237e-09
-2.56265711e-08
3.82327663e-08
-4.79835549e-08
5.48903785e-08
-5.70141978e-08
5.03774942e-08
-3.08350110e-08
-1.82363435e-09
4.02554114e-08
-7.04639831e-08
7.83398661e-08
-5.80072452e-08
1.58876432e-08
3.27408074e-08
-7.22132114e-08
9.39029903e-08
-9.80482326e-08
9.03336996e-08
-7.71451383e-08
6.28215133e-08
-4.93004606e-08
3.68397615e-08
-2.48817411e-08
1.28616762e-08
-8.03242417e-10
-1.04569029e-08
1.92630409e-08
-2.32463169e-08
1.99603676e-08
-8.43076720e-09
-9.11797748e-09
2.70980145e-08
-3.89751627e-08
4.10296650e-08
-3.45906201e-08
2.47553587e-08
-1.64515228e-08
1.09326024e-08
-5.40552936e-09
-4.09218037e-09
1.89843572e-08
-3.65254067e-08
5.13347373e-08
-5.86672328e-08
5.69086254e-08
-4.78292641e-08
3.50162601e-08
-2.19305587e-08
1.07503979e-08
-2.29372032e-09
-3.36828232e-09
6.23846352e-09
-6.14605211e-09
2.98954261e-09
2.87550161e-09
-1.05201625e-08
1.87095566e-08
-2.63117368e-08
3.25291332e-08
-3.68550772e-08
3.89188735e-08
-3.84318213e-08
3.53074796e-08
-2.98894527e-08
2.31158701e-08
-1.63677676e-08
1.08816218e-08
-7.02590164e-09
4.02528499e-09
-4.55559090e-10
-4.74568118e-09
1.13834826e-08
-1.78218045e-08
2.17092531e-08
-2.12049258e-08
1.59125335e-08
-7.00072755e-09
-3.34088379e-09
1.26339694e-08
-1.87807920e-08
2.06312105e-08
-1.82762001e-08
1.28433975e-08
-5.91133187e-09
-1.04181019e-09
6.91565738e-09
-1.10819851e-08
1.33963241e-08
-1.40801042e-08
1.34938878e-08
-1.19759873e-08
9.84223458e-09
-7.43575734e-09
5.09618880e-09
-3.07508530e-09
1.50062618e-09
-4.13497181e-10
-1.88772151e-10
3.42601503e-10
-1.20964863e-10
-3.93287569e-10
1.15561161e-09
-2.17380358e-09
3.45920226e-09
-4.96174879e-09
6.54164278e-09
-7.94629607e-09
8.74931683e-09
-8.34813019e-09
6.17768015e-09
-2.06854511e-09
-3.57100327e-09
9.90677851e-09
-1.59239253e-08
2.05153530e-08
-2.25643113e-08
2.12753353e-08
-1.65843286e-08
9.24946697e-09
-6.15467344e-10
-7.61773400e-09
1.36006033e-08
-1.58510591e-08
1.40393173e-08
-9.34505984e-09
3.83415211e-09
7.91228305e-10
-4.12614209e-09
7.05036651e-09
-1.08863576e-08
1.63684906e-08
-2.31159589e-08
2.98894598e-08
-3.53074796e-08
3.84318213e-08
-3.89188735e-08
3.68550772e-08
-3.25291332e-08
2.63117368e-08
-1.87095566e-08
1.05201625e-08
-2.87550161e-09
-2.98954261e-09
6.14605211e-09
-6.23846352e-09
3.36828232e-09
2.29372032e-09
-1.07503979e-08
2.19305587e-08
-3.50162601e-08
4.78292641e-08
-5.69086254e-08
5.86672435e-08
-5.13348901e-08
3.65266644e-08
-1.89922282e-08
4.13038048e-09
5.26058352e-09
-1.05008358e-08
1.54418416e-08
-2.29141044e-08
3.20117906e-08
-3.82998273e-08
3.66379602e-08
-2.44801885e-08
3.63963215e-09
2.01700221e-08
-3.96763653e-08
4.93210273e-08
-4.78199063e-08
3.82932654e-08
-2.57434394e-08
1.37738203e-08
-3.01624192e-09
-7.92252308e-09
2.04273931e-08
-3.48048985e-08
5.07155633e-08
-6.78116905e-08
8.52727027e-08
-1.00658298e-07
1.09775243e-07
-1.08525796e-07
9.57450510e-08
-7.47927729e-08
5.23251131e-08
-3.48027243e-08
2.51608867e-08
-2.19619896e-08
2.13078462e-08
-1.97543688e-08
1.61860783e-08
-1.18587540e-08
9.15283316e-09
-1.00385211e-08
1.49824206e-08
-2.26531824e-08
3.05283869e-08
-3.60812678e-08
3.77159317e-08
-3.47652005e-08
2.68931366e-08
-1.40420546e-08
-2.61430544e-09
1.99308694e-08
-3.40427135e-08
4.34449809e-08
-5.09415443e-08
6.14893452e-08
-7.69888899e-08
9.31727300e-08
-1.02496145e-07
1.00689284e-07
-9.03744777e-08
7.81449359e-08
-6.83533585e-08
5.97856697e-08
-4.77705413e-08
2.89192457e-08
-4.19960244e-09
-2.13505871e-08
4.11567704e-08
-5.02276976e-08
4.77440416e-08
-3.79253677e-08
2.80257115e-08
-2.39021283e-08
2.58484807e-08
-2.78615353e-08
2.14311822e-08
-1.80626936e-09
-2.75188174e-08
5.58838344e-08
-7.19764799e-08
7.07895111e-08
-5.54642945e-08
3.36851507e-08
-1.33243931e-08
7.52092943e-10
-3.19788418e-10
1.25658604e-08
-3.25338760e-08
5.15252481e-08
-6.20956513e-08
6.19541325e-08
-5.33783791e-08
3.96863591e-08
-2.31917596e-08
6.63385524e-09
4.57157334e-09
-3.18697579e-09
-1.54261688e-08
4.89679728e-08
-8.80671394e-08
1.21207847e-07
-1.41455672e-07
1.49878275e-07
-1.52821912e-07
1.55494448e-07
-1.57959818e-07
1.57363843e-07
-1.53623404e-07
1.51753412e-07
-1.57111486e-07
1.67351416e-07
-1.69442302e-07
1.46836868e-07
-9.28926909e-08
1.97679046e-08
4.58545983e-08
-7.84496734e-08
6.91625957e-08
-2.96417131e-08
-1.72619821e-08
5.12631324e-08
-6.32887733e-08
5.61480462e-08
-4.01565678e-08
2.73044289e-08
-2.59926338e-08
3.76680696e-08
-5.64755673e-08
7.21655766e-08
-7.50603917e-08
6.07830586e-08
-3.26397149e-08
8.67261263e-10
2.09702957e-08
-2.15380638e-08
-3.07108650e-09
4.79737103e-08
-1.03226988e-07
1.59301450e-07
-2.09752528e-07
2.50632041e-07
-2.79721178e-07
2.97046199e-07
-3.04817803e-07
3.05200786e-07
-2.97322401e-07
2.76380689e-07
-2.36327566e-07
1.75100269e-07
-9.93238700e-08
2.47872798e-08
2.92042621e-08
-4.94587091e-08
3.66414525e-08
-5.46524914e-09
-2.32828707e-08
3.35989760e-08
-2.13284146e-08
-5.75682702e-09
3.38025465e-08
-5.09933145e-08
5.32119451e-08
-4.38432046e-08
2.88557427e-08
-1.21768311e-08
-5.15948306e-09
2.35438513e-08
-4.40650574e-08
6.83651535e-08
-9.67493037e-08
1.25138641e-07
-1.45023819e-07
1.48474456e-07
-1.34345356e-07
1.09821109e-07
-8.57495905e-08
6.95715912e-08
-6.12978184e-08
5.55341444e-08
-4.74630610e-08
3.66438471e-08
-2.48754990e-08
1.20139330e-08
3.56142160e-09
-2.02386445e-08
3.17975655e-08
-3.31425056e-08
2.71025442e-08
-2.40838851e-08
3.43405553e-08
-6.02424564e-08
9.51594785e-08
-1.29069051e-07
1.55518308e-07
-1.74159325e-07
1.87845160e-07
-1.98924710e-07
2.09331489e-07
-2.22808737e-07
2.43831380e-07
-2.72668672e-07
3.02706695e-07
-3.24258025e-07
3.30960432e-07
-3.21935175e-07
2.98411663e-07
-2.59561716e-07
2.02523751e-07
-1.27516600e-07
4.41424532e-08
2.76938916e-08
-6.60162698e-08
5.99251422e-08
-1.78114519e-08
-3.56720840e-08
7.13457879e-08
-6.85925556e-08
2.39673348e-08
4.75363784e-08
-1.19195604e-07
1.64358070e-07
-1.66873264e-07
1.24864300e-07
-4.83675073e-08
-4.47773374e-08
1.32491635e-07
-1.93194836e-07
2.13348784e-07
-1.94909433e-07
1.56040386e-07
-1.20924909e-07
1.03503197e-07
-9.80513022e-08
8.64062528e-08
-5.66322811e-08
1.56792765e-08
1.57839004e-08
-1.97298586e-08
-8.26343527e-09
6.09336652e-08
-1.26767787e-07
1.93077227e-07
-2.44449211e-07
2.63355702e-07
-2.36283199e-07
1.61398802e-07
-5.17195602e-08
-6.83129713e-08
1.70673900e-07
-2.32685892e-07
2.44148566e-07
-2.09781405e-07
1.45198612e-07
-6.86723567e-08
-5.37368461e-09
6.72136977e-08
-1.09337478e-07
1.25687365e-07
-1.13932906e-07
7.78037830e-08
-2.68293388e-08
-2.64498183e-08
7.04920424e-08
-9.84589050e-08
1.09531904e-07
-1.06525448e-07
9.16839582e-08
-6.51340812e-08
2.85943820e-08
8.64567795e-09
-2.85345809e-08
1.26254323e-08
4.34795879e-08
-1.20850103e-07
1.83535690e-07
-1.99375080e-07
1.60672442e-07
-8.82051268e-08
1.57910183e-08
3.08389900e-08
-4.45532606e-08
3.26945298e-08
-6.65520616e-09
-2.52459067e-08
5.84525885e-08
-8.89503724e-08
1.10544789e-07
-1.15966216e-07
1.01710377e-07
-7.29089678e-08
4.37829186e-08
-3.16471578e-08
4.65613432e-08
-8.31842044e-08
1.22183806e-07
-1.41683998e-07
1.29785121e-07
-8.83876723e-08
2.78063794e-08
4.03692972e-08
-1.06233728e-07
1.60869888e-07
-1.95658075e-07
2.03618981e-07
-1.82324726e-07
1.36832668e-07
-8.04390154e-08
3.05773078e-08
4.49021931e-10
-1.43864485e-08
2.69302500e-08
-5.61176705e-08
1.08210109e-07
-1.73628521e-07
2.35360929e-07
-2.79739766e-07
2.99719005e-07
-2.92178356e-07
2.57144677e-07
-2.00705671e-07
1.35888399e-07
-7.81257654e-08
3.91236838e-08
-2.40707667e-08
3.23188729e-08
-5.88865348e-08
9.58431485e-08
-1.34334272e-07
1.66858356e-07
-1.87840499e-07
1.91971935e-07
-1.73269541e-07
1.28271665e-07
-6.17375946e-08
-1.18611556e-08
7.52145937e-08
-1.18746705e-07
1.45290898e-07
-1.64309796e-07
1.80728563e-07
-1.88197745e-07
1.72928054e-07
-1.25764927e-07
5.33111724e-08
2.11868514e-08
-6.92871325e-08
7.39904067e-08
-4.01826661e-08
-8.49568593e-09
4.41909904e-08
-5.05472322e-08
2.93132363e-08
4.55540006e-09
-3.36360522e-08
4.73522128e-08
-4.58648302e-08
3.77262417e-08
-3.27793757e-08
3.44947324e-08
-3.72709366e-08
3.14502806e-08
-1.29070292e-08
-1.05150022e-08
2.22525784e-08
-8.91429330e-09
-2.84012120e-08
7.29714102e-08
-1.02417111e-07
1.01468430e-07
-6.83703405e-08
1.26545192e-08
5.13066851e-08
-1.09648312e-07
1.51362840e-07
-1.68894445e-07
1.58913991e-07
-1.24078753e-07
7.44782653e-08
-2.57451997e-08
-7.67259323e-09
2.03387653e-08
-1.78042630e-08
1.04232463e-08
-5.11286258e-09
2.86030533e-09
-2.59063193e-09
5.49895063e-09
-1.55696736e-08
3.74032503e-08
-7.38191446e-08
1.23282391e-07
-1.76988067e-07
2.18614474e-07
-2.30611931e-07
2.05503824e-07
-1.53606365e-07
9.84612285e-08
-6.07434671e-08
4.28267377e-08
-2.77905556e-08
-5.50754420e-09
6.48525500e-08
-1.39995137e-07
2.12432795e-07
-2.67929920e-07
3.01534470e-07
-3.15218614e-07
3.13195955e-07
-2.97628588e-07
2.66125198e-07
-2.13719360e-07
1.39819079e-07
-5.46592815e-08
-2.18782361e-08
6.96730922e-08
-7.87729988e-08
5.31687085e-08
-6.93118229e-09
-4.24332498e-08
7.87937537e-08
-9.00527795e-08
7.08499428e-08
-2.53095838e-08
-3.35382175e-08
8.95305448e-08
-1.30342627e-07
1.49694642e-07
-1.44871677e-07
1.15713924e-07
-6.82705590e-08
1.82481266e-08
1.24901440e-08
-6.54782184e-09
-3.79934590e-08
1.04085736e-07
-1.63699241e-07
1.94154921e-07
-1.92373662e-07
1.75664567e-07
-1.67453479e-07
1.79738777e-07
-2.06995054e-07
2.34553596e-07
-2.50847563e-07
2.52046249e-07
-2.38189926e-07
2.08193669e-07
-1.59638518e-07
9.31333304e-08
-1.67358056e-08
-5.46739258e-08
1.06389635e-07
-1.31906006e-07
1.34219547e-07
-1.19537390e-07
9.16057772e-08
-5.38712506e-08
1.56376725e-08
8.42590087e-09
-8.62760707e-09
-9.38459443e-09
2.59047805e-08
-1.99059027e-08
-1.77364257e-08
7.97338942e-08
-1.46915909e-07
1.97298021e-07
-2.15879879e-07
2.02024950e-07
-1.70497643e-07
1.43779317e-07
-1.38783690e-07
1.56600038e-07
-1.83299051e-07
2.01519768e-07
-2.03341131e-07
1.94269461e-07
-1.86641373e-07
1.89238136e-07
-2.01227493e-07
2.13895049e-07
-2.17656549e-07
2.08248025e-07
-1.87439881e-07
1.59327087e-07
-1.27341522e-07
9.48543502e-08
-6.67924169e-08
4.84547655e-08
-4.21017283e-08
4.54276972e-08
-5.37027525e-08
6.28014263e-08
-7.00120424e-08
7.32499288e-08
-7.14688753e-08
6.69461002e-08
-6.64711663e-08
7.78843656e-08
-1.02917419e-07
1.32920178e-07
-1.53133968e-07
1.52631614e-07
-1.30666564e-07
9.42056033e-08
-5.07170022e-08
3.76661413e-09
4.57484681e-08
-9.58458983e-08
1.41509801e-07
-1.75967159e-07
1.93662487e-07
-1.92796776e-07
1.76116089e-07
-1.49346405e-07
1.17697063e-07
-8.28653981e-08
4.38702301e-08
-1.94315852e-09
-3.55271652e-08
5.77192623e-08
-5.87861528e-08
4.38089636e-08
-2.58258055e-08
1.65898655e-08
-1.94449505e-08
2.92189632e-08
-3.70298778e-08
3.51818805e-08
-1.95616003e-08
-9.91454918e-09
4.89794623e-08
-8.81408084e-08
1.13086109e-07
-1.09175829e-07
6.98339235e-08
-3.56692786e-09
-6.73134721e-08
1.17999505e-07
-1.35508088e-07
1.24967855e-07
-1.02845668e-07
8.34805434e-08
-7.07704046e-08
6.06797030e-08
-4.92500014e-08
3.68963349e-08
-2.60772204e-08
1.71440835e-08
-7.38397432e-09
-6.95774149e-09
2.82479782e-08
-5.51050192e-08
8.01686468e-08
-9.12020255e-08
7.85247281e-08
-4.45992896e-08
6.01004713e-09
1.64361804e-08
-1.20609842e-08
-1.27564199e-08
4.00781524e-08
-5.34274776e-08
4.87101062e-08
-3.55045380e-08
2.81116179e-08
-3.35844206e-08
4.66344225e-08
-5.54516042e-08
5.27615533e-08
-4.20912230e-08
3.42599087e-08
-3.82250498e-08
5.48336416e-08
-7.83152956e-08
1.02973765e-07
-1.28589377e-07
1.60088504e-07
-2.01881562e-07
2.51074198e-07
-2.95138506e-07
3.17577417e-07
-3.08918231e-07
2.74064575e-07
-2.28369331e-07
1.85042822e-07
-1.45408663e-07
1.00501694e-07
-4.10143244e-08
-3.38979156e-08
1.14349817e-07
-1.82915585e-07
2.21184109e-07
-2.18652900e-07
1.80305378e-07
-1.26467711e-07
8.25769106e-08
-6.51141434e-08
7.39270192e-08
-9.60559916e-08
1.16696995e-07
-1.27572321e-07
1.26651798e-07
-1.12356858e-07
8.05128195e-08
-2.79814270e-08
-4.14211812e-08
1.15741557e-07
-1.80032941e-07
2.22674515e-07
-2.37071930e-07
2.18814165e-07
-1.64206085e-07
7.50142775e-08
3.36959651e-08
-1.32391094e-07
1.88936923e-07
-1.87539172e-07
1.39592018e-07
-7.63405694e-08
2.92050881e-08
-1.41106185e-08
2.99777057e-08
-6.65264110e-08
1.10484706e-07
-1.47127793e-07
1.62450107e-07
-1.48543947e-07
1.07133118e-07
-4.65940140e-08
-2.40842226e-08
9.71960645e-08
-1.62958827e-07
2.07175219e-07
-2.15267960e-07
1.80872163e-07
-1.12546459e-07
3.32691137e-08
2.86278432e-08
-5.34263442e-08
4.06324538e-08
-8.34294500e-09
-1.87820834e-08
2.40333229e-08
-5.25992006e-09
-2.93314724e-08
7.00989489e-08
-1.11456153e-07
1.51379254e-07
-1.88260515e-07
2.18678537e-07
-2.36947812e-07
2.36551841e-07
-2.13548731e-07
1.70120586e-07
-1.15282624e-07
6.20093488e-08
-2.24595862e-08
2.78314283e-09
9.24880783e-10
-1.96274730e-09
1.51713717e-08
-4.64119658e-08
8.90426435e-08
-1.31174190e-07
1.65515530e-07
-1.90856952e-07
2.05032123e-07
-1.99754965e-07
1.65014256e-07
-9.93868312e-08
1.65177756e-08
5.79656181e-08
-9.71339986e-08
8.46670218e-08
-2.17592522e-08
-7.42717390e-08
1.78447721e-07
-2.68274391e-07
3.29734320e-07
-3.57495452e-07
3.52346376e-07
-3.19281583e-07
2.66675187e-07
-2.04966241e-07
1.43989269e-07
-8.99800128e-08
4.46118307e-08
-7.66932740e-09
-1.86382358e-08
2.89492412e-08
-2.00305834e-08
-3.25680083e-09
2.92824236e-08
-4.81688218e-08
5.81034527e-08
-6.25592520e-08
6.32700150e-08
-5.87301656e-08
4.93864825e-08
-4.10609680e-08
4.10834424e-08
-5.21398924e-08
7.15148758e-08
-9.53389332e-08
1.21126376e-07
-1.45515969e-07
1.61150282e-07
-1.57646227e-07
1.26957843e-07
-6.93873830e-08
-3.99610434e-09
7.47465450e-08
-1.25090864e-07
1.46226554e-07
-1.41835997e-07
1.24671857e-07
-1.08106796e-07
9.73375904e-08
-8.58542464e-08
6.06730879e-08
-1.37009586e-08
-4.95781372e-08
1.11762901e-07
-1.54031838e-07
1.66186425e-07
-1.49063339e-07
1.10680730e-07
-6.19766425e-08
1.46653818e-08
2.10255884e-08
-4.05333189e-08
4.86495431e-08
-5.84713327e-08
8.44721839e-08
-1.33574588e-07
2.00212028e-07
-2.68477663e-07
3.19267912e-07
-3.37839026e-07
3.18909883e-07
-2.68760203e-07
2.03749096e-07
-1.44373772e-07
1.06383190e-07
-9.39092075e-08
9.95518903e-08
-1.11570202e-07
1.22760909e-07
-1.34374105e-07
1.52608933e-07
-1.81113379e-07
2.15647816e-07
-2.44904953e-07
2.56619103e-07
-2.44508527e-07
2.11745188e-07
-1.69557893e-07
1.32238654e-07
-1.10785408e-07
1.07663041e-07
-1.15178509e-07
1.18616391e-07
-1.02602002e-07
5.74391699e-08
1.71154859e-08
-1.11354865e-07
2.08133557e-07
-2.87963445e-07
3.35525158e-07
-3.45017639e-07
3.21624469e-07
-2.78483014e-07
2.30841721e-07
-1.89694077e-07
1.57335350e-07
-1.27687343e-07
9.21745311e-08
-4.71210058e-08
-3.25884808e-09
4.98164958e-08
-8.34958485e-08
9.83003545e-08
-9.16334741e-08
6.38379447e-08
-1.83838225e-08
-3.75708247e-08
9.39536022e-08
-1.41129959e-07
1.74393563e-07
-1.95934959e-07
2.11959502e-07
-2.26643266e-07
2.37450479e-07
-2.35652863e-07
2.12301003e-07
-1.65579166e-07
1.03671759e-07
-4.04884481e-08
-1.22856596e-08
5.03978121e-08
-7.62086998e-08
9.39668396e-08
-1.05686460e-07
1.10456902e-07
-1.06670669e-07
9.44101117e-08
-7.57718865e-08
5.35886073e-08
-3.06055270e-08
9.63257563e-09
6.95475944e-09
-1.90872900e-08
3.01501188e-08
-4.51476581e-08
6.69986306e-08
-9.44221910e-08
1.22896097e-07
-1.46805604e-07
1.60808540e-07
-1.60887851e-07
1.46107809e-07
-1.20034571e-07
8.98992809e-08
-6.35686348e-08
4.64547654e-08
-4.01511606e-08
4.28616502e-08
-5.07345987e-08
5.93951448e-08
-6.52891501e-08
6.64051072e-08
-6.21103098e-08
5.26356772e-08
-3.91677588e-08
2.44433132e-08
-1.23681190e-08
5.88038418e-09
-4.66257566e-09
4.98330444e-09
-1.66621783e-09
-9.75373204e-09
3.15023208e-08
-6.18368148e-08
9.35996809e-08
-1.15716510e-07
1.18576409e-07
-9.95581999e-08
6.38068158e-08
-2.01702655e-08
-2.28949517e-08
5.79014312e-08
-7.72132367e-08
7.42785389e-08
-4.77505253e-08
4.63673056e-09
4.13402965e-08
-7.59026051e-08
9.09296958e-08
-8.74785471e-08
7.35548014e-08
-5.85589923e-08
4.83749893e-08
-4.41334436e-08
4.43241461e-08
-4.72424730e-08
5.13716465e-08
-5.41979865e-08
5.17862233e-08
-4.04534504e-08
1.93622682e-08
8.45520898e-09
-3.76721623e-08
6.31828101e-08
-8.12475989e-08
8.90265568e-08
-8.40754382e-08
6.48129941e-08
-3.16076481e-08
-1.21013697e-08
5.91269576e-08
-9.93234934e-08
1.22756333e-07
-1.24265696e-07
1.06423045e-07
-7.82956420e-08
5.03921775e-08
-2.91700317e-08
1.49048081e-08
-4.09093381e-09
-5.96825345e-09
1.41628069e-08
-1.63106026e-08
8.70176020e-09
8.44699244e-09
-3.01933376e-08
4.91934919e-08
-5.93548073e-08
5.82642414e-08
-4.72069459e-08
2.97740250e-08
-1.07241478e-08
-4.72462158e-09
1.23778365e-08
-1.15128111e-08
6.22390495e-09
-3.43311135e-09
8.16178591e-09
-1.95441299e-08
3.08779384e-08
-3.38788730e-08
2.40225972e-08
-3.11174397e-09
-2.24631354e-08
4.59062193e-08
-6.33064587e-08
7.41982902e-08
-8.00989568e-08
8.28081994e-08
-8.35047302e-08
8.25372837e-08
-7.94447033e-08
7.30939860e-08
-6.21845686e-08
4.61886707e-08
-2.62401798e-08
5.26940003e-09
1.28226842e-08
-2.44935201e-08
2.77855463e-08
-2.30821335e-08
1.31371705e-08
-2.16856488e-09
-5.79040016e-09
8.46129300e-09
-5.86654592e-09
-3.63891584e-10
8.18064194e-09
-1.58532600e-08
2.20273364e-08
-2.55989487e-08
2.58740069e-08
-2.29367600e-08
1.78115229e-08
-1.21152510e-08
7.27078264e-09
-3.74209597e-09
8.81550610e-10
2.40075337e-09
-6.60948363e-09
1.10841647e-08
-1.43365826e-08
1.50675952e-08
-1.31004541e-08
9.08128861e-09
3.34121619e-09
-1.09323381e-07
9.66629159e-07
-6.20837136e-06
3.04915065e-05
-1.16826297e-04
3.53766489e-04
-8.53127625e-04
1.62352528e-03
-2.46727839e-03
2.29165261e-03
-3.06951511e-03
-5.96046448e-08
5.96046448e-08
3.06951511e-03
