-2.21237703e-03
2.71535409e-03
-2.71535409e-03
2.21237703e-03
-1.46478321e-03
7.83873547e-04
-3.36323516e-04
1.14446251e-04
-3.04792175e-05
6.25690473e-06
-9.72570660e-07
1.10325061e-07
-7.08942149e-09
-1.48754564e-09
2.87666424e-09
-5.23897059e-09
8.02236677e-09
-9.65943858e-09
9.08870135e-09
-6.39268860e-09
2.58864064e-09
1.14092702e-09
-4.14777857e-09
6.50386811e-09
-8.68251249e-09
1.10582441e-08
-1.35617277e-08
1.56215325e-08
-1.63377667e-08
1.48200003e-08
-1.06316396e-08
4.15135615e-09
3.39578077e-09
-1.02556221e-08
1.45958587e-08
-1.49503681e-08
1.06507958e-08
-2.12066409e-09
-9.21080989e-09
2.13513722e-08
-3.20868949e-08
3.89037922e-08
-3.91132389e-08
3.12372244e-08
-1.72113239e-08
2.92113289e-09
4.62979921e-09
-1.64060343e-09
-1.04658469e-08
2.66525895e-08
-4.12314627e-08
4.96401356e-08
-4.90451662e-08
3.90324928e-08
-2.23109620e-08
4.14469659e-09
9.94277727e-09
-1.69427992e-08
1.76730914e-08
-1.56367932e-08
1.42470871e-08
-1.44250745e-08
1.42914089e-08
-1.11532721e-08
4.12320578e-09
4.99775776e-09
-1.33066500e-08
1.90298426e-08
-2.21835101e-08
2.35689495e-08
-2.36102782e-08
2.20087646e-08
-1.81542834e-08
1.19496724e-08
-4.51662174e-09
-1.94547911e-09
5.33078115e-09
-5.06170128e-09
2.68381850e-09
-9.46432488e-10
1.66309422e-09
-3.96739575e-09
4.98243979e-09
-2.90005309e-09
-5.88839533e-10
1.70692394e-09
1.02726749e-09
-4.21960467e-09
2.04275064e-09
8.78365292e-09
-2.66588227e-08
4.70295589e-08
-6.55802310e-08
7.96802482e-08
-8.80984530e-08
9.02751225e-08
-8.56938058e-08
7.38055235e-08
-5.50797381e-08
3.21453406e-08
-8.86543372e-09
-1.24096555e-08
3.21223865e-08
-5.11725382e-08
6.72068126e-08
-7.41904032e-08
6.71088074e-08
-4.76791939e-08
2.45611176e-08
-7.07739645e-09
-1.12018683e-09
2.60373079e-09
-2.38406161e-09
4.54281723e-09
-1.08055191e-08
2.02907859e-08
-3.06724495e-08
4.02494180e-08
-4.82061679e-08
5.23669463e-08
-4.83919216e-08
3.34470869e-08
-1.08170743e-08
-1.05544089e-08
2.19679439e-08
-2.06953832e-08
1.06997229e-08
1.28446842e-09
-1.03039062e-08
1.49921675e-08
-1.66653411e-08
1.77800938e-08
-2.05844994e-08
2.57087152e-08
-3.16704600e-08
3.63606532e-08
-3.90240480e-08
4.02975218e-08
-4.05422647e-08
3.89840551e-08
-3.48123805e-08
2.87442603e-08
-2.33160140e-08
2.18103349e-08
-2.65055906e-08
3.68847886e-08
-4.89507066e-08
5.67337111e-08
-5.53831576e-08
4.38911236e-08
-2.59040647e-08
7.99232502e-09
4.00532096e-09
-7.89835131e-09
4.66990624e-09
4.11730072e-09
-1.70555765e-08
3.11150963e-08
-4.13069472e-08
4.41883188e-08
-4.17290664e-08
4.04169747e-08
-4.59039562e-08
5.86890820e-08
-7.43600808e-08
8.66104770e-08
-9.01781547e-08
8.28057338e-08
-6.53396626e-08
3.93552071e-08
-5.15738341e-09
-3.58889061e-08
7.64562174e-08
-1.02854870e-07
1.02480278e-07
-7.34879038e-08
2.78371051e-08
1.54232911e-08
-4.17370849e-08
4.89687650e-08
-4.56769769e-08
4.15768007e-08
-3.98113897e-08
3.86921108e-08
-3.86963492e-08
4.41308785e-08
-5.75847814e-08
7.58316929e-08
-9.23907777e-08
1.01792942e-07
-1.00343371e-07
8.57365237e-08
-5.90800759e-08
2.70084755e-08
1.42433398e-10
-1.33880445e-08
9.57252766e-09
7.10251502e-09
-2.72893903e-08
4.22410444e-08
-4.99206081e-08
5.60315208e-08
-6.77724685e-08
8.51355608e-08
-9.83759847e-08
9.56309165e-08
-7.39482715e-08
4.20136637e-08
-1.21634285e-08
-7.90520183e-09
1.49204062e-08
-5.72558889e-09
-2.18726495e-08
6.33612984e-08
-1.05640659e-07
1.33340734e-07
-1.37657352e-07
1.19896328e-07
-8.86032296e-08
5.45334977e-08
-2.67154778e-08
1.03804840e-08
-6.99121872e-09
1.54810404e-08
-3.24205160e-08
5.08236830e-08
-6.05590316e-08
5.22478558e-08
-2.26363071e-08
-2.17616787e-08
6.51490524e-08
-8.91032812e-08
8.36587404e-08
-5.39204663e-08
1.46412305e-08
2.14750386e-08
-4.86410343e-08
6.37608863e-08
-6.32588808e-08
4.63906957e-08
-1.85811579e-08
-1.12048548e-08
3.55686396e-08
-5.06184250e-08
5.51994681e-08
-5.04604536e-08
3.94002662e-08
-2.46932377e-08
6.65635680e-09
1.48344670e-08
-3.53665470e-08
4.49533282e-08
-3.55033620e-08
1.04503775e-08
1.52434954e-08
-2.66129927e-08
1.95715977e-08
1.53357604e-11
-2.50948027e-08
5.19824184e-08
-7.75183366e-08
9.60856426e-08
-1.01295164e-07
8.94718539e-08
-6.17206410e-08
2.46606398e-08
1.07761897e-08
-3.36032677e-08
3.76202465e-08
-2.33472885e-08
-2.29624875e-09
2.68576734e-08
-3.60160897e-08
2.17390781e-08
1.09001643e-08
-4.66882568e-08
7.18562205e-08
-8.26215540e-08
8.27492386e-08
-7.58666161e-08
6.29725037e-08
-4.59085143e-08
2.91473068e-08
-1.64588414e-08
7.30199501e-09
1.80475557e-09
-1.20478516e-08
1.89606144e-08
-1.48529082e-08
-4.94126162e-09
3.73916151e-08
-7.20085538e-08
9.55768513e-08
-9.90027758e-08
8.25775928e-08
-5.57590667e-08
3.13003028e-08
-1.84872881e-08
2.01201455e-08
-3.32966614e-08
5.12008214e-08
-6.44301537e-08
6.33769943e-08
-4.36408882e-08
1.21727082e-08
1.25726425e-08
-1.02552091e-08
-2.73617271e-08
8.92336232e-08
-1.51450763e-07
1.92242808e-07
-2.02588794e-07
1.84995955e-07
-1.46182117e-07
9.34952027e-08
-3.63276769e-08
-1.33772993e-08
4.46815989e-08
-5.28691935e-08
4.22666027e-08
-2.37292870e-08
7.41879091e-09
3.25865601e-09
-1.06286899e-08
1.64836749e-08
-1.82104305e-08
1.10580061e-08
6.82702561e-09
-3.16966791e-08
5.60285578e-08
-7.32789687e-08
8.10620904e-08
-7.95108335e-08
6.76081982e-08
-4.36882956e-08
1.07560556e-08
2.08656168e-08
-3.95535906e-08
4.21722675e-08
-3.70615751e-08
3.71785553e-08
-5.03576594e-08
7.41782955e-08
-9.75245911e-08
1.07153014e-07
-9.47083265e-08
5.88082614e-08
-3.00504133e-09
-6.37467110e-08
1.24075370e-07
-1.56278716e-07
1.48781481e-07
-1.11978125e-07
7.28873744e-08
-5.53471970e-08
6.32455368e-08
-8.04804401e-08
8.57197335e-08
-6.88184159e-08
3.64593689e-08
-3.98913214e-09
-1.83566602e-08
3.19207558e-08
-4.37072600e-08
5.67231524e-08
-6.83418762e-08
7.67428077e-08
-8.48315551e-08
9.55742223e-08
-1.05395742e-07
1.05516733e-07
-9.04402384e-08
6.29552943e-08
-2.98865501e-08
-4.53123006e-09
3.86953793e-08
-6.88679620e-08
8.78604283e-08
-8.87863507e-08
6.81840291e-08
-2.62936872e-08
-3.15091810e-08
9.09106959e-08
-1.28596810e-07
1.21904662e-07
-6.46903757e-08
-2.35383286e-08
1.06189859e-07
-1.51489459e-07
1.49714950e-07
-1.12934003e-07
6.24265439e-08
-1.71240231e-08
-1.19802426e-08
2.45939908e-08
-3.08652801e-08
4.39913030e-08
-6.80937262e-08
9.21226899e-08
-9.76633316e-08
7.59492806e-08
-3.89066876e-08
1.14750494e-08
-9.63992974e-09
2.52026950e-08
-3.32103340e-08
1.45372878e-08
2.79792225e-08
-7.24598408e-08
9.55058681e-08
-9.06157851e-08
7.33657615e-08
-6.77860328e-08
8.52325499e-08
-1.16359438e-07
1.43280317e-07
-1.56794741e-07
1.60388453e-07
-1.60036876e-07
1.53656970e-07
-1.32202331e-07
9.11263314e-08
-3.94444157e-08
-4.67513761e-09
2.85710762e-08
-3.53341925e-08
3.91554060e-08
-5.01199366e-08
6.32932284e-08
-6.31572519e-08
3.93241208e-08
1.82542514e-09
-3.98303186e-08
5.28886197e-08
-2.97213418e-08
-2.56902215e-08
9.69023262e-08
-1.62983554e-07
2.06900637e-07
-2.19719311e-07
2.00764390e-07
-1.56464665e-07
9.76273711e-08
-3.43261704e-08
-2.77734618e-08
8.57334683e-08
-1.35370840e-07
1.70779543e-07
-1.87398015e-07
1.84417445e-07
-1.65002831e-07
1.35888385e-07
-1.06573623e-07
8.66241550e-08
-8.14474177e-08
8.95570338e-08
-1.03672690e-07
1.14803655e-07
-1.16282429e-07
1.05502380e-07
-8.36070058e-08
5.43103411e-08
-2.18084324e-08
-1.20354757e-08
4.85166147e-08
-8.83085747e-08
1.25639090e-07
-1.47638232e-07
1.42896099e-07
-1.12934764e-07
7.40649710e-08
-4.54990783e-08
3.52125582e-08
-3.75836038e-08
4.24937738e-08
-4.43251125e-08
4.37875016e-08
-4.46381314e-08
4.95644485e-08
-5.79907677e-08
6.71386218e-08
-7.48278595e-08
8.07927876e-08
-8.59328892e-08
9.16160943e-08
-9.95678988e-08
1.10600936e-07
-1.22199253e-07
1.28435630e-07
-1.24519488e-07
1.12071433e-07
-9.85863409e-08
9.07780944e-08
-8.86055744e-08
8.55507523e-08
-7.45845270e-08
5.53774555e-08
-3.71124571e-08
3.31791412e-08
-5.08443669e-08
8.45671693e-08
-1.18375930e-07
1.34864692e-07
-1.24455141e-07
8.96223611e-08
-4.25875513e-08
-4.98575181e-10
2.52840007e-08
-2.49451482e-08
5.67797276e-09
1.42014738e-08
-1.63287268e-08
-3.13620308e-09
3.21485629e-08
-5.63793385e-08
7.14401978e-08
-8.03947984e-08
8.27839983e-08
-7.11182153e-08
3.94349549e-08
7.58722951e-09
-5.62929685e-08
9.31729218e-08
-1.10513596e-07
1.05969548e-07
-8.17630266e-08
4.55182558e-08
-9.26344690e-09
-1.42346259e-08
1.51760222e-08
9.85164750e-09
-5.38784128e-08
9.87283784e-08
-1.23048665e-07
1.16698075e-07
-8.86171563e-08
5.80328887e-08
-3.62109773e-08
1.82116668e-08
6.60393118e-09
-3.86523205e-08
6.53062884e-08
-7.25565741e-08
5.66245788e-08
-2.43346161e-08
-1.45038461e-08
5.23540322e-08
-8.29042506e-08
9.94304798e-08
-9.82141870e-08
8.37069507e-08
-6.76573251e-08
6.08781647e-08
-6.46385772e-08
6.89169539e-08
-5.88895155e-08
2.55979806e-08
2.61591566e-08
-7.89573065e-08
1.13006863e-07
-1.18082525e-07
9.87282860e-08
-7.05267311e-08
5.08120017e-08
-4.84931526e-08
5.79822483e-08
-6.25391223e-08
4.78375313e-08
-1.61139582e-08
-1.41635637e-08
2.61436881e-08
-2.24669616e-08
2.31902728e-08
-4.57017642e-08
8.79708679e-08
-1.30879457e-07
1.54915213e-07
-1.54307429e-07
1.36821782e-07
-1.12439153e-07
8.40579375e-08
-4.82969007e-08
1.97963557e-09
5.35413776e-08
-1.11149355e-07
1.57610273e-07
-1.76593176e-07
1.58177158e-07
-1.09191888e-07
5.27287582e-08
-1.36602303e-08
2.44559062e-09
-1.24437971e-08
3.11048431e-08
-5.11640756e-08
7.18321900e-08
-9.35148989e-08
1.13395302e-07
-1.23808732e-07
1.14174256e-07
-7.82574787e-08
2.21226735e-08
3.70085544e-08
-8.18743970e-08
1.05274182e-07
-1.10961324e-07
1.08398588e-07
-1.07551422e-07
1.15014082e-07
-1.30409632e-07
1.44747418e-07
-1.44397347e-07
1.20064556e-07
-7.30725418e-08
1.26807702e-08
5.10951068e-08
-1.10411179e-07
1.58275498e-07
-1.89294170e-07
2.02761399e-07
-2.02451304e-07
1.92277113e-07
-1.73649241e-07
1.47985844e-07
-1.20319854e-07
9.80743877e-08
-8.55426734e-08
8.09138427e-08
-7.99395465e-08
8.18361627e-08
-9.02209010e-08
1.08089594e-07
-1.32599865e-07
1.54993018e-07
-1.65228613e-07
1.57383013e-07
-1.33290783e-07
1.02864234e-07
-7.84884406e-08
6.53316832e-08
-5.74860231e-08
4.61934171e-08
-3.12134887e-08
2.17398597e-08
-2.66871467e-08
4.59661607e-08
-7.05331331e-08
8.87953107e-08
-9.32706712e-08
8.42804653e-08
-6.99228195e-08
6.14918676e-08
-6.53960299e-08
7.74917908e-08
-8.58683649e-08
7.99626747e-08
-5.73604666e-08
2.34903634e-08
1.26202018e-08
-4.16476951e-08
5.57506716e-08
-5.11152614e-08
3.09615231e-08
-4.60028504e-09
-1.94022149e-08
3.94255295e-08
-5.84145390e-08
7.59184502e-08
-8.55177831e-08
8.08902882e-08
-6.19781133e-08
3.38112471e-08
-9.73723768e-10
-3.46819036e-08
7.07894827e-08
-1.00342689e-07
1.12354904e-07
-9.79652413e-08
5.69521852e-08
7.82557519e-10
-5.92093770e-08
1.02584444e-07
-1.22330661e-07
1.21855749e-07
-1.13068303e-07
1.02937371e-07
-8.29329281e-08
3.68512545e-08
3.83398806e-08
-1.22481481e-07
1.85173377e-07
-2.07053077e-07
1.88181986e-07
-1.40222312e-07
7.56081491e-08
-5.10248599e-09
-5.79841100e-08
9.70072591e-08
-1.00005103e-07
7.02810041e-08
-2.83371406e-08
7.46242845e-10
-2.92022806e-09
2.85943873e-08
-5.41082876e-08
5.38903109e-08
-1.57190421e-08
-5.33451399e-08
1.31951651e-07
-1.96077750e-07
2.29909190e-07
-2.29229116e-07
1.96836965e-07
-1.37214059e-07
5.73973615e-08
2.83994517e-08
-9.95476128e-08
1.38199155e-07
-1.38614539e-07
1.07553937e-07
-5.73824188e-08
1.13802016e-10
5.44041150e-08
-9.88156046e-08
1.28451632e-07
-1.40722378e-07
1.34777622e-07
-1.12846578e-07
8.16256644e-08
-5.07462836e-08
2.81440968e-08
-1.56009907e-08
8.20197332e-09
1.14890142e-09
-1.49931001e-08
2.82057755e-08
-3.22918687e-08
2.32641408e-08
-4.84878804e-09
-1.54071262e-08
3.11992245e-08
-3.84830052e-08
3.42863657e-08
-1.74720505e-08
-8.83283047e-09
3.71941375e-08
-6.03327450e-08
7.65838877e-08
-8.98621124e-08
1.02625464e-07
-1.09430196e-07
9.96604115e-08
-6.77154546e-08
2.06311626e-08
2.34498962e-08
-4.46457591e-08
3.32113324e-08
3.36028738e-09
-4.47477504e-08
7.19910034e-08
-7.90848560e-08
7.15724369e-08
-5.61749545e-08
3.43081723e-08
-5.32646371e-09
-2.68906000e-08
5.32625037e-08
-6.62381154e-08
6.68120066e-08
-6.43181579e-08
6.90138151e-08
-8.39935481e-08
1.02315596e-07
-1.10753845e-07
9.81003936e-08
-6.32578505e-08
1.73798753e-08
2.19474092e-08
-4.06865155e-08
3.65423496e-08
-2.06982200e-08
1.08145146e-08
-1.82805202e-08
3.91824315e-08
-5.74449004e-08
5.78914481e-08
-3.76321267e-08
6.47612008e-09
2.24543850e-08
-4.29018527e-08
5.79474460e-08
-7.33692076e-08
8.87448124e-08
-9.56631609e-08
8.54948254e-08
-5.89791611e-08
2.74266991e-08
-3.66499631e-09
-8.31321945e-09
1.42526231e-08
-2.09146851e-08
2.88388158e-08
-3.46106823e-08
3.71378590e-08
-3.79943685e-08
3.61206567e-08
-2.61279229e-08
4.74405493e-09
2.17244143e-08
-3.94690574e-08
3.87827441e-08
-2.28722890e-08
4.55055327e-09
4.02672606e-09
1.84884474e-09
-1.84164737e-08
3.54181466e-08
-4.13009680e-08
3.10381658e-08
-9.98074245e-09
-1.12809175e-08
2.58162611e-08
-3.34329933e-08
3.63392942e-08
-3.44849909e-08
2.59496336e-08
-1.02392157e-08
-1.02685025e-08
3.17732365e-08
-5.09891400e-08
6.59781989e-08
-7.64943877e-08
8.40191490e-08
-9.02174691e-08
9.41010683e-08
-9.09439208e-08
7.49893516e-08
-4.42027819e-08
3.60124952e-09
3.52525404e-08
-5.90048366e-08
5.91569105e-08
-3.62038719e-08
-1.35733613e-09
4.16374988e-08
-7.43855466e-08
9.42630720e-08
-1.00981168e-07
9.63189493e-08
-8.10590919e-08
5.52567130e-08
-2.11296243e-08
-1.50255275e-08
4.38924239e-08
-5.69206868e-08
5.12350731e-08
-3.21478666e-08
1.01636264e-08
5.70116043e-09
-1.27550308e-08
1.46767087e-08
-1.82487483e-08
2.88286301e-08
-4.58894149e-08
6.18166638e-08
-6.71327314e-08
5.88902971e-08
-4.34754206e-08
3.02619085e-08
-2.32303972e-08
1.93856202e-08
-1.36509062e-08
3.22798410e-09
1.18033538e-08
-2.88537034e-08
4.25318554e-08
-4.63431782e-08
3.77273963e-08
-2.22093011e-08
1.09955707e-08
-1.21058958e-08
2.23798224e-08
-2.85547053e-08
1.77617760e-08
1.18125101e-08
-4.99051396e-08
8.25837319e-08
-1.00989084e-07
1.03528457e-07
-9.29874346e-08
7.35595620e-08
-4.98193060e-08
2.65077755e-08
-8.02414490e-09
-2.39199971e-09
3.61441632e-09
2.57618593e-09
-1.19230981e-08
2.01845349e-08
-2.61428053e-08
3.18747198e-08
-3.95462578e-08
4.84216542e-08
-5.57217810e-08
5.98983618e-08
-6.19217815e-08
6.33722905e-08
-6.44494804e-08
6.44485212e-08
-6.33624850e-08
6.18550402e-08
-5.95624989e-08
5.44402248e-08
-4.46245920e-08
3.06221679e-08
-1.49500448e-08
-2.20338955e-11
1.26872886e-08
-2.05537916e-08
1.96679775e-08
-7.63832375e-09
-1.22776145e-08
3.11165813e-08
-3.96185733e-08
3.46393989e-08
-2.06420143e-08
5.13002307e-09
7.13655712e-09
-1.57834261e-08
2.23201138e-08
-2.77140835e-08
3.21415641e-08
-3.49249554e-08
3.34358248e-08
-2.33704007e-08
2.39668041e-09
2.53681218e-08
-4.89880101e-08
5.63166829e-08
-4.19376107e-08
1.11897167e-08
2.30828086e-08
-4.85324669e-08
5.98327645e-08
-5.92405343e-08
5.22786188e-08
-4.34093188e-08
3.48195002e-08
-2.72319198e-08
2.05522266e-08
-1.41379726e-08
7.38099670e-09
-2.78386342e-10
-6.61775790e-09
1.24431869e-08
-1.58082720e-08
1.46911825e-08
-7.54274421e-09
-4.72531569e-09
1.79006889e-08
-2.63712607e-08
2.68110654e-08
-2.05925197e-08
1.26224373e-08
-7.45395479e-09
5.92685367e-09
-4.96007369e-09
4.31928160e-10
9.24545418e-09
-2.16683382e-08
3.21269944e-08
-3.68085757e-08
3.48602782e-08
-2.81373733e-08
1.95356584e-08
-1.14262670e-08
4.97909092e-09
-3.27601390e-10
-2.81519497e-09
4.55175897e-09
-4.62370320e-09
2.74652301e-09
9.38143119e-10
-5.75604764e-09
1.08006217e-08
-1.53363970e-08
1.89728322e-08
-2.15269349e-08
2.28124826e-08
-2.26083507e-08
2.07710169e-08
-1.73881709e-08
1.29886013e-08
-8.60506688e-09
5.32476108e-09
-3.52250207e-09
2.52508703e-09
-1.05841591e-09
-1.89194727e-09
6.33092201e-09
-1.10179519e-08
1.40289167e-08
-1.38835654e-08
1.03735474e-08
-4.47283943e-09
-2.30204478e-09
8.36180369e-09
-1.22938904e-08
1.32658311e-08
-1.14201759e-08
7.71185782e-09
-3.26972160e-09
-1.03256048e-09
4.57144722e-09
-6.95049085e-09
8.12291834e-09
-8.34805558e-09
7.91218557e-09
-6.96651048e-09
5.63600588e-09
-4.14054613e-09
2.73063305e-09
-1.56041025e-09
6.70091760e-10
-5.80997195e-11
-2.72025874e-10
3.28728100e-10
-1.63017475e-10
-1.47361789e-10
5.62079494e-10
-1.11494791e-09
1.85447546e-09
-2.75349077e-09
3.71631681e-09
-4.63820937e-09
5.33396038e-09
-5.38899370e-09
4.27218083e-09
-1.77024961e-09
-1.75970649e-09
5.67601877e-09
-9.42927958e-09
1.24680666e-08
-1.40039864e-08
1.33139748e-08
-1.03328670e-08
5.69583092e-09
-2.54459898e-10
-5.09459097e-09
9.15747478e-09
-1.06433440e-08
9.08765330e-09
-5.46283951e-09
1.58795943e-09
1.13994580e-09
-2.54151322e-09
3.52493901e-09
-5.32502220e-09
8.60508731e-09
-1.29886022e-08
1.73881709e-08
-2.07710169e-08
2.26083507e-08
-2.28124826e-08
2.15269349e-08
-1.89728322e-08
1.53363970e-08
-1.08006217e-08
5.75604764e-09
-9.38143119e-10
-2.74652301e-09
4.62370320e-09
-4.55175897e-09
2.81519497e-09
3.27601390e-10
-4.97909092e-09
1.14262670e-08
-1.95356584e-08
2.81373733e-08
-3.48602782e-08
3.68085757e-08
-3.21269944e-08
2.16683755e-08
-9.24593468e-09
-4.27614333e-10
4.93257613e-09
-5.80095705e-09
7.03646208e-09
-1.16191066e-08
1.88757809e-08
-2.48372043e-08
2.50721346e-08
-1.74961663e-08
3.38747563e-09
1.31345006e-08
-2.65736357e-08
3.25028608e-08
-3.00511402e-08
2.22668639e-08
-1.36540503e-08
6.95186664e-09
-1.85063320e-09
-3.61955355e-09
1.07266098e-08
-1.91431475e-08
2.81100423e-08
-3.77043641e-08
4.82865659e-08
-5.87587152e-08
6.59036559e-08
-6.59597958e-08
5.73776227e-08
-4.25658016e-08
2.69955791e-08
-1.59701745e-08
1.14724408e-08
-1.16130039e-08
1.27682096e-08
-1.22422277e-08
9.54241042e-09
-6.00886141e-09
3.62251029e-09
-3.90221544e-09
7.24739380e-09
-1.26815811e-08
1.82008986e-08
-2.18655991e-08
2.28337527e-08
-2.12294253e-08
1.70480732e-08
-9.67304103e-09
-9.61153046e-10
1.27290907e-08
-2.17488587e-08
2.57003467e-08
-2.70041447e-08
3.14625943e-08
-4.22740953e-08
5.55365105e-08
-6.31039683e-08
6.04520238e-08
-5.09243634e-08
4.18628403e-08
-3.73502935e-08
3.51951570e-08
-3.01564320e-08
1.90405736e-08
-2.88486102e-09
-1.42793848e-08
2.76127992e-08
-3.32413741e-08
3.00682110e-08
-2.11543494e-08
1.26863666e-08
-1.00843245e-08
1.39738008e-08
-1.92833269e-08
1.82737327e-08
-5.89058580e-09
-1.56659592e-08
3.70816480e-08
-4.81900067e-08
4.54515892e-08
-3.32001093e-08
1.81441742e-08
-4.65819516e-09
-4.34864900e-09
5.37248113e-09
3.51457152e-09
-1.89155145e-08
3.30682717e-08
-3.95942692e-08
3.78241118e-08
-3.13709840e-08
2.32965629e-08
-1.37183553e-08
2.40600362e-09
7.38216155e-09
-9.16766130e-09
-2.03880068e-09
2.51373464e-08
-5.25181214e-08
7.43322133e-08
-8.47955732e-08
8.58916280e-08
-8.48094075e-08
8.68236043e-08
-9.05869939e-08
9.09229598e-08
-8.60887681e-08
8.13530576e-08
-8.43511216e-08
9.59887601e-08
-1.05725810e-07
9.73060850e-08
-6.19646059e-08
8.30706437e-09
4.07142480e-08
-6.28024708e-08
5.14130321e-08
-1.84329085e-08
-1.64362568e-08
3.85466663e-08
-4.34705214e-08
3.49141942e-08
-2.08615081e-08
1.01006945e-08
-8.78289175e-09
1.79004260e-08
-3.29599210e-08
4.60321949e-08
-4.95769292e-08
4.02243927e-08
-2.02529158e-08
-3.29477001e-09
2.06036646e-08
-2.26614425e-08
6.28592733e-09
2.36797959e-08
-5.85055950e-08
9.18942717e-08
-1.21431867e-07
1.45507499e-07
-1.62005378e-07
1.70506070e-07
-1.73458417e-07
1.73767361e-07
-1.71483023e-07
1.62777482e-07
-1.41906355e-07
1.05361046e-07
-5.62482647e-08
5.73103831e-09
3.08356114e-08
-4.20869597e-08
2.81351049e-08
-1.21811028e-09
-2.17726690e-08
2.89301365e-08
-1.82470288e-08
-3.32907235e-09
2.43745646e-08
-3.54139864e-08
3.43288278e-08
-2.59925965e-08
1.62382250e-08
-7.01988201e-09
-2.53027910e-09
1.27538016e-08
-2.34439472e-08
3.61668313e-08
-5.33297495e-08
7.33519059e-08
-8.87242777e-08
9.13695573e-08
-7.99017528e-08
6.09108994e-08
-4.39547669e-08
3.52316860e-08
-3.38249002e-08
3.32244738e-08
-2.82093442e-08
2.02072403e-08
-1.37078295e-08
8.47452775e-09
2.72607409e-10
-1.32437705e-08
2.32523760e-08
-2.29254553e-08
1.41097631e-08
-7.21523552e-09
1.20334880e-08
-3.01358298e-08
5.47368479e-08
-7.65585000e-08
9.07557052e-08
-9.92532421e-08
1.06275586e-07
-1.12714119e-07
1.17194375e-07
-1.21885037e-07
1.32807031e-07
-1.52295272e-07
1.74143921e-07
-1.88857754e-07
1.92017183e-07
-1.85572603e-07
1.72598433e-07
-1.52714208e-07
1.21929503e-07
-7.68596848e-08
2.14969624e-08
2.93429459e-08
-5.64102614e-08
4.93112964e-08
-1.46700270e-08
-2.78851822e-08
5.65527252e-08
-5.64988056e-08
2.50371457e-08
2.67813203e-08
-7.84166616e-08
1.09965541e-07
-1.11289495e-07
8.33637586e-08
-3.37484209e-08
-2.69071201e-08
8.51125392e-08
-1.25594383e-07
1.36725532e-07
-1.18240820e-07
8.45617478e-08
-5.76743311e-08
5.12413614e-08
-5.86880446e-08
5.91815912e-08
-3.86483627e-08
4.53718396e-09
2.16336442e-08
-2.43591725e-08
4.12993550e-09
2.98893141e-08
-7.04994747e-08
1.13060672e-07
-1.49399568e-07
1.66372942e-07
-1.52343603e-07
1.04931054e-07
-3.32872148e-08
-4.55046703e-08
1.12261858e-07
-1.51281483e-07
1.55386829e-07
-1.28885958e-07
8.48317825e-08
-3.68171200e-08
-7.42636930e-09
4.46762201e-08
-7.11477597e-08
8.16906010e-08
-7.36455661e-08
4.94746253e-08
-1.57701976e-08
-1.89380138e-08
4.64639456e-08
-6.20289384e-08
6.63016806e-08
-6.33626840e-08
5.57011930e-08
-4.15531467e-08
1.83002342e-08
1.03998197e-08
-3.09644186e-08
2.57277506e-08
1.33849554e-08
-7.36291668e-08
1.24508986e-07
-1.36947705e-07
1.04513887e-07
-4.75147282e-08
-3.97770350e-09
3.13500621e-08
-3.42936737e-08
2.24925554e-08
-5.03190778e-09
-1.37885685e-08
3.32421273e-08
-5.27166399e-08
6.84130725e-08
-7.37115187e-08
6.40608420e-08
-4.19028119e-08
1.75399233e-08
-5.38230704e-09
1.57075508e-08
-4.54933620e-08
7.77710127e-08
-9.34488398e-08
8.46242614e-08
-5.62547591e-08
1.78225577e-08
2.36010607e-08
-6.35852402e-08
9.76243655e-08
-1.20156372e-07
1.26002831e-07
-1.12550318e-07
8.18227335e-08
-4.22976818e-08
7.91312438e-09
9.21872445e-09
-9.17690635e-09
6.77734535e-09
-2.01851371e-08
5.49792532e-08
-1.00187016e-07
1.39953215e-07
-1.66193701e-07
1.78305427e-07
-1.75115872e-07
1.53700469e-07
-1.16281228e-07
7.30715044e-08
-3.61538675e-08
1.27629152e-08
-4.76426099e-09
1.12274332e-08
-2.92677242e-08
5.36872982e-08
-7.81607881e-08
9.79553931e-08
-1.11143663e-07
1.16094661e-07
-1.08187329e-07
8.18281052e-08
-3.79552958e-08
-1.18561481e-08
5.18851877e-08
-7.41192991e-08
8.33805842e-08
-9.09466067e-08
1.03131576e-07
-1.14577595e-07
1.11496298e-07
-8.29343563e-08
3.18324105e-08
2.32917596e-08
-5.83640940e-08
5.87003903e-08
-2.85195458e-08
-1.17059500e-08
3.86310361e-08
-4.03843252e-08
2.11140989e-08
5.58309754e-09
-2.62423434e-08
3.35297692e-08
-2.84068378e-08
1.88442453e-08
-1.42287648e-08
1.80901605e-08
-2.49734491e-08
2.45936587e-08
-1.09170673e-08
-1.04956470e-08
2.42143621e-08
-1.65498300e-08
-1.24432518e-08
4.79238302e-08
-7.08864718e-08
7.02565828e-08
-4.69700616e-08
9.72251968e-09
3.13469890e-08
-6.79994088e-08
9.41799598e-08
-1.05520080e-07
9.94022358e-08
-7.61851027e-08
4.15877075e-08
-7.36017025e-09
-1.38937546e-08
1.76501249e-08
-1.07011768e-08
3.75529741e-09
-1.54967972e-09
1.60819180e-09
-9.02293351e-10
5.76752757e-10
-4.35597780e-09
1.53959778e-08
-3.57782639e-08
6.62808120e-08
-1.03171892e-07
1.35033162e-07
-1.46237312e-07
1.27839769e-07
-8.71553567e-08
4.55345699e-08
-2.31373534e-08
2.22610979e-08
-2.50653738e-08
9.81920945e-09
2.96585476e-08
-8.10297394e-08
1.27279449e-07
-1.59411982e-07
1.76898425e-07
-1.82533768e-07
1.79999546e-07
-1.72200302e-07
1.57648245e-07
-1.29938670e-07
8.46612807e-08
-2.77989471e-08
-2.44321576e-08
5.53811894e-08
-5.81146722e-08
3.74561182e-08
-4.61708272e-09
-2.89712574e-08
5.40240883e-08
-6.29524735e-08
5.08680458e-08
-1.95205114e-08
-2.08557385e-08
5.70251011e-08
-8.12229075e-08
9.25914776e-08
-9.09275002e-08
7.34952366e-08
-4.07419982e-08
2.84031310e-09
2.26682335e-08
-2.07606767e-08
-1.15704877e-08
6.16543190e-08
-1.06130003e-07
1.24674784e-07
-1.14621322e-07
9.32450490e-08
-8.32954541e-08
9.42939664e-08
-1.17487083e-07
1.37668891e-07
-1.46948125e-07
1.46503453e-07
-1.39161799e-07
1.24058204e-07
-9.75172725e-08
5.73710892e-08
-7.79048470e-09
-3.94064017e-08
7.11152808e-08
-8.27837852e-08
8.03947913e-08
-7.14401978e-08
5.63793385e-08
-3.21485629e-08
3.13620308e-09
1.63287268e-08
-1.42014738e-08
-5.67797276e-09
2.49451482e-08
-2.52839918e-08
4.98377895e-10
4.25901625e-08
-8.96467256e-08
1.24619390e-07
-1.35679983e-07
1.21415781e-07
-9.32479338e-08
7.01472658e-08
-6.70347760e-08
8.43731840e-08
-1.08165693e-07
1.21845332e-07
-1.19406508e-07
1.07908576e-07
-9.94589229e-08
1.01626021e-07
-1.12884116e-07
1.24659380e-07
-1.28295724e-07
1.21386563e-07
-1.07561256e-07
9.08871058e-08
-7.23131848e-08
5.20773007e-08
-3.35321921e-08
2.20398544e-08
-1.98780956e-08
2.41352822e-08
-3.02616314e-08
3.59572176e-08
-4.07450642e-08
4.34854641e-08
-4.21652580e-08
3.67439483e-08
-3.21700995e-08
3.68181148e-08
-5.47620651e-08
7.90791361e-08
-9.56353929e-08
9.48500656e-08
-7.83783918e-08
5.44529506e-08
-2.92137212e-08
3.35471051e-09
2.48482799e-08
-5.51256178e-08
8.37710559e-08
-1.05523803e-07
1.16256167e-07
-1.14596396e-07
1.02555383e-07
-8.49472315e-08
6.65739321e-08
-4.84037770e-08
2.71285199e-08
-5.33869893e-10
-2.62522111e-08
4.22201936e-08
-4.03498923e-08
2.52813983e-08
-9.66562030e-09
3.53489438e-09
-8.02896061e-09
1.74940720e-08
-2.48751810e-08
2.52126444e-08
-1.64241065e-08
-1.41106415e-09
2.65317901e-08
-5.41975709e-08
7.49590328e-08
-7.66279840e-08
5.15104510e-08
-4.26693347e-09
-4.72547477e-08
8.16671815e-08
-8.82429703e-08
7.36265804e-08
-5.44988197e-08
4.30721379e-08
-3.92740276e-08
3.57992462e-08
-2.84038588e-08
1.95698284e-08
-1.33475417e-08
9.86243442e-09
-6.00397554e-09
-1.03505049e-09
1.29234934e-08
-3.03826901e-08
5.01014377e-08
-6.19564418e-08
5.46595338e-08
-2.76791052e-08
-4.37152270e-09
2.20550316e-08
-1.61358198e-08
-6.66520883e-09
2.99109146e-08
-3.91278974e-08
3.13157820e-08
-1.63706986e-08
8.66676242e-09
-1.48902251e-08
2.87658146e-08
-3.75560205e-08
3.39493020e-08
-2.21550920e-08
1.33476794e-08
-1.57279221e-08
2.85718063e-08
-4.48545201e-08
5.86829785e-08
-7.02710068e-08
8.51075797e-08
-1.08999146e-07
1.41995699e-07
-1.74839840e-07
1.92529228e-07
-1.85210752e-07
1.57431487e-07
-1.24970185e-07
1.00682790e-07
-8.38079188e-08
6.34275210e-08
-3.03280565e-08
-1.59186389e-08
6.81498094e-08
-1.14653972e-07
1.41532453e-07
-1.38596533e-07
1.07914133e-07
-6.58631905e-08
3.38944304e-08
-2.50046917e-08
3.68460249e-08
-5.61966118e-08
7.04176344e-08
-7.57100764e-08
7.49919877e-08
-6.93458020e-08
5.39805640e-08
-2.33665869e-08
-2.10571276e-08
6.95072231e-08
-1.10006923e-07
1.35419384e-07
-1.44421847e-07
1.36324118e-07
-1.06887271e-07
5.21648751e-08
2.14765130e-08
-9.22199845e-08
1.31995080e-07
-1.25694484e-07
8.35530827e-08
-3.38510233e-08
2.02855688e-09
3.96254807e-09
9.64156488e-09
-3.44573863e-08
6.44071179e-08
-9.12643330e-08
1.03662465e-07
-9.44738190e-08
6.66777922e-08
-2.91013915e-08
-1.22891821e-08
5.60711726e-08
-9.88549260e-08
1.30603155e-07
-1.38669549e-07
1.16311632e-07
-6.83200412e-08
1.11888614e-08
3.27419194e-08
-4.68263437e-08
3.08369472e-08
-1.11143417e-09
-2.11749125e-08
2.37802436e-08
-8.39610248e-09
-1.53911106e-08
3.98565874e-08
-6.31114787e-08
8.58723226e-08
-1.07776735e-07
1.26984617e-07
-1.40161006e-07
1.42136656e-07
-1.28570250e-07
1.00342575e-07
-6.41713811e-08
2.91966167e-08
-3.94562294e-09
-5.98735994e-09
2.00574424e-09
4.99270492e-09
-5.49348789e-10
-2.11030073e-08
5.16829850e-08
-7.81556437e-08
9.59288116e-08
-1.09571872e-07
1.21479317e-07
-1.24317054e-07
1.06574220e-07
-6.41955609e-08
6.57969457e-09
4.68942183e-08
-7.58836975e-08
6.81991636e-08
-2.51230610e-08
-3.96015629e-08
1.07092468e-07
-1.62296217e-07
1.98098007e-07
-2.13182005e-07
2.08564131e-07
-1.86878566e-07
1.53158780e-07
-1.14404472e-07
7.76080569e-08
-4.71020485e-08
2.27157351e-08
-1.57082936e-09
-1.62771965e-08
2.48303635e-08
-1.79709705e-08
-1.30366695e-09
2.09853575e-08
-3.13877031e-08
3.38062449e-08
-3.53923610e-08
3.79130576e-08
-3.62194648e-08
2.78289729e-08
-1.89376426e-08
1.79986923e-08
-2.64577444e-08
3.93166069e-08
-5.28515542e-08
6.76865568e-08
-8.41776853e-08
9.76959527e-08
-9.96849678e-08
8.28108142e-08
-4.59973819e-08
-3.23831983e-09
5.08617433e-08
-8.29188878e-08
9.28641697e-08
-8.44026928e-08
6.84257770e-08
-5.64684193e-08
5.35594431e-08
-5.39706164e-08
4.45618191e-08
-1.58610920e-08
-2.81548083e-08
7.17708417e-08
-9.92841720e-08
1.04734461e-07
-9.15062941e-08
6.60340547e-08
-3.43766828e-08
3.35083250e-09
1.92198524e-08
-2.84510779e-08
2.71235905e-08
-2.58172381e-08
3.70567079e-08
-6.71312677e-08
1.11619151e-07
-1.57999821e-07
1.92441107e-07
-2.05070577e-07
1.92134692e-07
-1.57262789e-07
1.11833067e-07
-7.15073440e-08
4.86693530e-08
-4.56995650e-08
5.47828805e-08
-6.48142731e-08
6.98977871e-08
-7.27160199e-08
8.06412146e-08
-9.83615891e-08
1.22982073e-07
-1.45063353e-07
1.54425578e-07
-1.46171999e-07
1.22939440e-07
-9.31378068e-08
6.73423912e-08
-5.40611289e-08
5.55763293e-08
-6.61517916e-08
7.45774500e-08
-6.95380749e-08
4.42536461e-08
1.46822132e-09
-6.12844389e-08
1.23691919e-07
-1.74982901e-07
2.04029973e-07
-2.06942914e-07
1.88179214e-07
-1.57541919e-07
1.26019856e-07
-1.01953560e-07
8.70290648e-08
-7.49646318e-08
5.68232039e-08
-2.91923712e-08
-3.40370399e-09
3.31770202e-08
-5.41225837e-08
6.32091854e-08
-5.93780669e-08
4.27267395e-08
-1.46618229e-08
-2.09208491e-08
5.69730219e-08
-8.56471161e-08
1.03034296e-07
-1.11761551e-07
1.18369279e-07
-1.27563823e-07
1.37836125e-07
-1.41480285e-07
1.29635310e-07
-9.95872185e-08
5.82040798e-08
-1.75733685e-08
-1.32820182e-08
3.28708545e-08
-4.51212010e-08
5.43470797e-08
-6.17883487e-08
6.55675692e-08
-6.34115409e-08
5.53846178e-08
-4.37309815e-08
3.04928847e-08
-1.66082685e-08
3.51150309e-09
6.24133900e-09
-1.15197061e-08
1.51250230e-08
-2.21058709e-08
3.51952210e-08
-5.27104405e-08
7.08045746e-08
-8.61439347e-08
9.57916626e-08
-9.65681721e-08
8.68650147e-08
-6.90237840e-08
4.87327689e-08
-3.18462057e-08
2.17962892e-08
-1.91124006e-08
2.22211227e-08
-2.84109962e-08
3.46768800e-08
-3.86470731e-08
3.93251156e-08
-3.68250568e-08
3.13019406e-08
-2.28097328e-08
1.27101920e-08
-4.33194991e-09
7.79391107e-10
-1.90355176e-09
4.28600400e-09
-4.06435863e-09
-1.34290046e-09
1.37170533e-08
-3.33624293e-08
5.62042608e-08
-7.32708898e-08
7.59251009e-08
-6.23900149e-08
3.82674337e-08
-1.08573408e-08
-1.54633124e-08
3.79796816e-08
-5.20798302e-08
5.16616794e-08
-3.39962583e-08
3.72153552e-09
2.84258661e-08
-5.12571461e-08
5.88866733e-08
-5.30456212e-08
4.09618615e-08
-3.03044096e-08
2.47356358e-08
-2.34227855e-08
2.41241800e-08
-2.59341029e-08
2.89753839e-08
-3.22818110e-08
3.28001271e-08
-2.69652976e-08
1.36625848e-08
4.43220127e-09
-2.28297701e-08
3.82627654e-08
-4.92827823e-08
5.46575620e-08
-5.26242516e-08
4.18094857e-08
-2.20880541e-08
-5.03367303e-09
3.55622127e-08
-6.25576249e-08
7.81833407e-08
-7.79269413e-08
6.37247766e-08
-4.31312976e-08
2.47689975e-08
-1.32602045e-08
7.41396100e-09
-2.86029045e-09
-3.37371131e-09
1.01770468e-08
-1.33665203e-08
9.15580234e-09
2.69359091e-09
-1.82278459e-08
3.15019335e-08
-3.79798308e-08
3.65600989e-08
-2.88995796e-08
1.74503612e-08
-4.73418638e-09
-5.95601790e-09
1.09137170e-08
-8.66341132e-09
2.29717512e-09
1.86344407e-09
1.10101339e-09
-1.07043991e-08
2.10487112e-08
-2.48129552e-08
1.82358821e-08
-3.36137740e-09
-1.40151508e-08
2.85776558e-08
-3.81764806e-08
4.34649969e-08
-4.60460257e-08
4.71639048e-08
-4.74408850e-08
4.70527866e-08
-4.57702463e-08
4.28269686e-08
-3.70643960e-08
2.77030345e-08
-1.52890536e-08
1.88413973e-09
9.72883551e-09
-1.71015735e-08
1.88457392e-08
-1.50975232e-08
7.72365372e-09
1.66936881e-10
-5.54392798e-09
6.87818824e-09
-4.59654537e-09
2.51559051e-10
4.71338257e-09
-9.45078771e-09
1.33484814e-08
-1.56880766e-08
1.58551998e-08
-1.37891920e-08
1.01950217e-08
-6.33486685e-09
3.40397466e-09
-1.77781689e-09
7.62214236e-10
7.89366628e-10
-3.45672091e-09
6.69667566e-09
-9.17023169e-09
9.67586455e-09
-8.02481637e-09
5.23977350e-09
-2.87972668e-09
1.10362652e-09
2.08121573e-08
-3.43530985e-07
3.34775359e-06
-2.18909518e-05
1.00682308e-04
-3.37789214e-04
8.30694800e-04
-1.58332172e-03
1.67567702e-03
-3.06951511e-03
-5.96046448e-08
5.96046448e-08
3.06951511e-03
