-3.79685633e-04
9.41888720e-04
-9.41888720e-04
3.79685633e-04
-4.12992704e-05
1.33242861e-06
-4.72937245e-11
-1.45519152e-11
2.95887759e-10
-9.33749078e-10
1.58615876e-09
-1.56190794e-09
5.19015941e-10
8.48860537e-10
-9.70128866e-10
-6.11180440e-10
2.14397744e-09
-3.19172244e-09
3.13350768e-09
-1.28056854e-09
-9.70175051e-11
6.40284270e-10
-1.32907729e-09
1.09623954e-09
-9.99236249e-10
1.84324023e-09
-2.48353160e-09
3.10440385e-09
-3.70589248e-09
3.97751876e-09
-3.31783667e-09
1.22236088e-09
1.16415322e-09
-2.50292942e-09
4.01632860e-09
-5.10287634e-09
3.68648045e-09
-1.51339918e-09
-1.29998057e-09
4.85063367e-09
-6.75208867e-09
7.62520358e-09
-1.07878293e-08
1.23982318e-08
-4.81183804e-09
-5.12227416e-09
8.30428348e-09
-5.27749933e-09
-2.28951080e-09
7.14013026e-09
-7.76103093e-09
1.23012143e-08
-1.49787809e-08
9.97290783e-09
-4.88945773e-09
-1.28056854e-09
7.56699592e-09
-6.67449740e-09
3.22080496e-09
-1.28056854e-09
1.55210955e-10
-1.39698386e-09
4.85061946e-09
-6.44166676e-09
2.36710207e-09
3.45363560e-09
-5.31630917e-09
3.25962901e-09
-3.29845307e-09
5.85956172e-09
-3.88052968e-09
3.88050125e-09
-5.85959015e-09
3.14321369e-09
-5.82076609e-10
-2.36713049e-09
3.53125529e-09
-1.94026484e-09
1.04773790e-09
2.36710207e-09
-3.84170562e-09
-1.74622983e-09
5.78194204e-09
-3.57007934e-09
-1.35818823e-09
7.45058060e-09
-4.30736691e-09
-7.83865062e-09
8.14907253e-09
-2.32830644e-10
-5.04468289e-09
1.08654206e-08
-1.24952635e-08
1.51339918e-08
-2.04890966e-08
1.73846786e-08
-1.42802890e-08
1.92473237e-08
-1.54444422e-08
1.94023642e-09
2.25068675e-09
-2.63875677e-09
4.81182383e-09
-5.43272449e-09
1.26504460e-08
-2.30502621e-08
2.49904701e-08
-1.08654490e-08
-7.37298933e-09
6.82967993e-09
2.79396772e-09
0.00000000e+00
-3.02679837e-09
-3.25962901e-09
3.18198090e-09
4.81179541e-09
-1.05550271e-08
7.37293249e-09
-3.25962901e-09
1.01669002e-08
-2.01010835e-08
1.52891744e-08
1.86264515e-09
-1.05550271e-08
1.00117177e-08
-9.39087386e-09
1.16415322e-09
7.60576313e-09
-1.62981451e-09
6.20843821e-10
-7.76105935e-09
2.48348897e-09
2.79396772e-09
4.73420414e-09
-9.46846512e-09
7.60576313e-09
-7.29539806e-09
5.19986543e-09
-6.51925802e-09
1.17191234e-08
-7.45058060e-09
2.94915026e-09
-4.57902161e-09
1.31933575e-09
7.76083198e-10
3.95812094e-09
-1.21071935e-08
1.57548357e-08
-1.37370080e-08
1.21847847e-08
-6.98491931e-09
-4.57902161e-09
1.00117177e-08
5.43252554e-10
-1.86264515e-09
-5.27751354e-09
0.00000000e+00
6.28642738e-09
-1.35041773e-08
1.74622983e-08
-5.19992227e-09
-3.72529030e-09
-4.88944352e-09
1.30385160e-08
-1.27280941e-08
1.65309757e-08
-2.52233576e-08
2.16532499e-08
-8.22672064e-09
5.51028734e-09
-1.01669571e-08
6.98491931e-10
1.73070589e-08
-3.41485134e-08
4.03572926e-08
-2.00234354e-08
4.65661287e-10
1.25728548e-08
-2.56113708e-08
1.44354999e-08
3.57005092e-09
-1.55222324e-09
-1.41250780e-08
1.83159727e-08
-6.20900664e-10
-8.07148126e-09
-9.62370450e-09
2.34382469e-08
-1.76951289e-08
1.56772444e-08
-2.43696263e-08
2.63874540e-08
-1.47459787e-08
3.10421910e-10
9.15798637e-09
-7.76105935e-09
9.62364766e-09
-6.05359674e-09
-1.58324838e-08
1.67638063e-08
-8.07148126e-09
6.98491931e-09
-9.31322575e-10
8.53708571e-09
-3.13545456e-08
4.00468707e-08
-1.72294676e-08
-7.91624188e-09
4.65661287e-09
3.72529030e-09
4.96703478e-09
-1.39698386e-08
9.15798637e-09
7.91624188e-09
-3.13545456e-08
4.08229539e-08
-3.02679837e-08
2.48352308e-08
-1.92473522e-08
5.27745669e-09
4.19095159e-09
-2.32836328e-09
-1.70746262e-09
-4.19100843e-09
-4.65661287e-10
1.22623760e-08
-2.17308980e-08
2.14204192e-08
-8.22672064e-09
3.88047283e-09
1.56772444e-08
-4.45483010e-08
3.55454404e-08
-1.39698386e-09
-1.30385160e-08
9.31322575e-10
-1.39698386e-09
2.14204192e-08
-2.82501560e-08
1.24175585e-08
3.88047283e-09
-4.96709163e-09
5.58793545e-09
-1.44354999e-08
1.67638063e-08
-1.02445483e-08
7.14010184e-09
-6.20957508e-10
2.79396772e-09
-8.38190317e-09
-7.45058060e-09
2.39039082e-08
-2.57666670e-08
4.34613412e-09
2.49904133e-08
-2.11100541e-08
-1.24180133e-09
6.67444056e-09
-4.65661287e-10
1.08650511e-09
-1.72294676e-08
3.05783487e-08
-2.04890966e-08
1.81607902e-08
-2.53010057e-08
4.96697794e-09
1.58324838e-08
-1.47459787e-08
1.02445483e-08
-9.77888703e-09
6.51925802e-09
9.93406957e-09
-2.59218496e-08
2.11099405e-08
2.48348897e-09
-2.57666670e-08
2.60770321e-08
-8.69238193e-09
8.53708571e-09
-2.34383606e-08
1.90921128e-08
-3.41492523e-09
1.55182533e-10
0.00000000e+00
4.65661287e-10
-6.67455424e-09
1.86264515e-09
1.16415322e-08
-1.41251348e-08
4.96697794e-09
4.96697794e-09
-1.52116399e-08
2.91813649e-08
-3.35276127e-08
1.95577741e-08
-1.24180133e-09
0.00000000e+00
4.65661287e-10
-6.05359674e-09
-6.82973678e-09
1.17967147e-08
-9.00286068e-09
2.60770321e-08
-2.54561883e-08
-1.55228008e-09
1.69189889e-08
-2.40592044e-08
1.76951289e-08
1.94024778e-08
-5.01362365e-08
5.13779241e-08
-4.00468707e-08
3.32171339e-08
-3.83395218e-08
2.39039082e-08
3.25962901e-09
-7.91624188e-09
1.73846502e-08
-2.56113708e-08
1.00892521e-08
4.34613412e-09
-8.84756446e-09
-2.17312390e-09
8.22660695e-09
8.69226824e-09
-9.46852197e-09
3.41481154e-09
-8.53719939e-09
-5.12227416e-09
2.09547579e-08
-1.75399464e-08
1.49011612e-08
-1.27281510e-08
1.53668225e-08
-2.31278818e-08
6.82962309e-09
1.84711553e-08
-2.37487257e-08
1.19518972e-08
5.74311798e-09
0.00000000e+00
-6.51925802e-09
2.17301022e-09
-2.66979896e-08
4.20646984e-08
-2.04890966e-08
6.51925802e-09
-1.36594736e-08
2.94915026e-09
3.64767629e-08
-6.41060751e-08
4.85839564e-08
-1.55221187e-08
-8.84756446e-09
1.52115263e-08
9.46840828e-09
-2.85606347e-08
2.98023224e-08
-2.80949735e-08
2.63867150e-09
2.00234354e-08
-9.77888703e-09
-3.88058652e-09
1.55216640e-09
1.44354999e-08
-2.35935431e-08
1.49011612e-08
-5.74323167e-09
8.38190317e-09
-2.46800482e-08
3.78737468e-08
-2.42143869e-08
1.55216640e-09
-4.65661287e-10
6.51925802e-09
7.76026354e-10
-1.94025915e-08
3.07336450e-08
-2.01787316e-08
1.33488811e-08
-1.84712690e-08
4.03565537e-09
2.39039082e-08
-3.98916882e-08
5.54136932e-08
-4.39274572e-08
-1.36594736e-08
5.43270744e-08
-5.37063443e-08
3.69424242e-08
-1.59877800e-08
9.77888703e-09
-1.39698386e-09
-2.04890966e-08
1.59876663e-08
8.22660695e-09
-8.69238193e-09
-9.46852197e-09
2.28174031e-08
-4.09781933e-08
3.94259132e-08
1.86264515e-09
-3.41485702e-08
2.04890966e-08
2.04890966e-08
-3.49245965e-08
1.52115263e-08
2.79396772e-09
-2.48353444e-08
4.51691449e-08
-3.52350753e-08
-3.72529030e-09
2.37487257e-08
7.60576313e-09
-4.20648121e-08
3.91155481e-08
-2.59218496e-08
2.66978759e-08
-2.07995754e-08
2.84053385e-08
-4.93600965e-08
3.10440100e-08
5.74311798e-09
-1.90921128e-08
1.90921128e-08
-6.98491931e-09
-1.07102096e-08
3.88047283e-09
1.95577741e-08
-3.75633817e-08
2.34382469e-08
1.05549134e-08
-1.97130703e-08
2.46800482e-08
-2.57666670e-08
4.50131665e-09
2.43695695e-08
-4.56348062e-08
4.50138486e-08
-4.76527475e-08
5.51032144e-08
-3.43037527e-08
6.67444056e-09
-2.79396772e-09
3.41481154e-09
1.70741714e-08
-3.38380914e-08
3.74080855e-08
-4.15991508e-08
3.74080855e-08
-3.46142315e-08
2.88709998e-08
-1.08655058e-08
5.58793545e-09
-9.62370450e-09
1.07102096e-08
-2.20413767e-08
2.88709998e-08
-2.28174031e-08
2.23517418e-08
-2.15757154e-08
9.93406957e-09
1.70734893e-09
-2.48360266e-09
2.94915026e-09
-1.02445483e-08
2.28174031e-08
-4.17543333e-08
5.23092467e-08
-2.88709998e-08
-7.76105935e-09
1.30385160e-08
8.84756446e-09
-1.59877800e-08
3.88047283e-09
-9.77888703e-09
1.35041773e-08
1.08650511e-09
3.10433279e-09
-1.62981451e-08
1.47458650e-08
-1.05550271e-08
1.47458650e-08
-1.70742851e-08
1.52115263e-08
-1.70742851e-08
1.52115263e-08
-1.83160864e-08
3.38379778e-08
-3.57007366e-08
1.56771875e-08
-6.20889296e-09
1.44354999e-08
-1.70742851e-08
1.56771875e-08
-2.40592044e-08
2.06442792e-08
6.20877927e-09
-1.53668225e-08
-4.19095159e-09
1.49011612e-08
-2.56113708e-08
4.51691449e-08
-3.64768766e-08
1.56771875e-08
-4.96709163e-09
-4.96709163e-09
1.49011612e-08
-2.35935431e-08
1.28832198e-08
2.53008920e-08
-3.39932740e-08
-3.72529030e-09
2.53008920e-08
-1.73847639e-08
7.91624188e-09
-5.74323167e-09
1.56771875e-08
-3.52350753e-08
2.53008920e-08
1.28832198e-08
-2.35935431e-08
1.61428488e-08
-2.48353444e-08
3.35276127e-08
-2.40592044e-08
3.25962901e-09
6.67444056e-09
-5.74323167e-09
1.44354999e-08
-1.58324838e-08
-4.96709163e-09
2.73187197e-08
-4.81184088e-08
4.47034836e-08
-6.20889296e-09
-1.50564574e-08
1.55216640e-09
2.48352308e-08
-1.58324838e-08
-1.58324838e-08
2.68530584e-08
-2.87158173e-08
1.47458650e-08
1.55216640e-09
-4.65661287e-09
3.56999408e-09
-1.75399464e-08
3.33723165e-08
-2.91814786e-08
1.47458650e-08
1.08650511e-09
2.63867150e-09
-9.77888703e-09
1.55220050e-08
-2.84053385e-08
2.12651230e-08
2.63867150e-09
-2.88709998e-08
4.06677145e-08
-3.01128011e-08
2.20412630e-08
-9.46852197e-09
-8.22672064e-09
2.17301022e-09
9.93406957e-09
-2.28174031e-08
3.89602519e-08
-8.69238193e-09
-3.81842256e-08
2.80948598e-08
8.22660695e-09
-2.07995754e-08
9.00274699e-09
1.72294676e-08
-4.11334895e-08
4.82734777e-08
-3.41485702e-08
1.17967147e-08
-1.55221187e-08
2.79396772e-08
-1.47459787e-08
-1.55228008e-09
5.43263923e-09
-1.56773012e-08
3.69424242e-08
-5.37063443e-08
5.51032144e-08
-2.65426934e-08
-1.28833335e-08
2.31277681e-08
-7.14021553e-09
-1.33489948e-08
1.14862360e-08
2.79396772e-09
1.22623760e-08
-2.54561883e-08
1.38145424e-08
-2.09547579e-08
4.28408384e-08
-3.75633817e-08
4.65661287e-10
2.94918436e-08
-2.06443929e-08
2.06442792e-08
-3.02679837e-08
1.36593599e-08
-1.28833335e-08
1.89368166e-08
-1.38146561e-08
2.79396772e-08
-4.98257577e-08
3.83394081e-08
-6.51925802e-09
-4.03576905e-09
1.39698386e-09
-1.81607902e-08
4.51691449e-08
-4.42378223e-08
3.55454404e-08
-3.69425379e-08
3.50797791e-08
-3.69425379e-08
3.38379778e-08
-1.75399464e-08
3.88047283e-09
-1.02445483e-08
2.12651230e-08
-1.72294676e-08
1.03997309e-08
-9.93418325e-09
1.07102096e-08
-2.28174031e-08
4.05125320e-08
-3.49245965e-08
3.08888275e-08
-3.98916882e-08
1.67638063e-08
1.38145424e-08
5.43263923e-09
-3.18202638e-08
1.70741714e-08
3.72529030e-09
-7.14021553e-09
4.50131665e-09
5.27745669e-09
-1.92474090e-08
2.42143869e-08
-2.04890966e-08
2.37487257e-08
-1.19520109e-08
-5.74323167e-09
-7.76140041e-10
1.94024778e-08
-3.07336450e-08
2.01786179e-08
-1.25728548e-08
6.82962309e-09
6.82962309e-09
-1.22624897e-08
1.53668225e-08
-2.35935431e-08
1.36593599e-08
1.31936986e-08
-1.58324838e-08
-3.41492523e-09
1.08650511e-09
2.12651230e-08
-2.88709998e-08
2.20412630e-08
-1.02445483e-08
2.94915026e-09
-2.17312390e-09
-2.63878519e-09
1.02445483e-08
-2.25070380e-08
3.61662842e-08
-3.38380914e-08
1.70741714e-08
4.19095159e-09
-1.49011612e-08
2.56113708e-08
-4.48587798e-08
3.08888275e-08
2.32830644e-09
2.17301022e-09
-3.80290430e-08
4.81182951e-08
0.00000000e+00
-4.93600965e-08
5.86733222e-08
-5.18436991e-08
3.95812094e-08
-2.51457095e-08
1.53668225e-08
-1.07102096e-08
-1.73847639e-08
4.47034836e-08
-3.69425379e-08
2.17307843e-08
2.63867150e-09
-2.76293122e-08
2.07994617e-08
9.15792953e-09
-2.85606347e-08
2.93366611e-08
-2.12652367e-08
-3.10444648e-09
3.61662842e-08
-5.37063443e-08
5.63450158e-08
-4.71870862e-08
3.80289293e-08
-3.86498868e-08
2.34382469e-08
1.17967147e-08
-3.88051831e-08
5.01361228e-08
-3.22859250e-08
1.44354999e-08
-2.25070380e-08
-1.55296220e-10
2.48352308e-08
-1.64534413e-08
2.71635372e-08
-3.60112153e-08
2.80948598e-08
-2.87158173e-08
1.47458650e-08
1.24168764e-09
-1.55296220e-10
0.00000000e+00
6.20843821e-10
-9.15804321e-09
6.05359674e-09
1.61428488e-08
-2.09547579e-08
5.43263923e-09
4.34613412e-09
-4.96709163e-09
5.27745669e-09
-9.93418325e-09
1.42802037e-08
-9.62370450e-09
0.00000000e+00
1.00892521e-08
-2.14204192e-08
1.89368166e-08
-3.88058652e-09
9.00274699e-09
-3.53902578e-08
3.60111017e-08
-1.78504251e-08
4.65661287e-09
1.24175585e-08
-2.88709998e-08
3.01126875e-08
0.00000000e+00
-3.01128011e-08
2.88709998e-08
-1.30385160e-08
5.89830051e-09
-1.21071935e-08
1.42802037e-08
-7.14021553e-09
-5.27757038e-09
2.15756017e-08
-2.59218496e-08
1.03997309e-08
-1.08661879e-09
7.14010184e-09
-1.02445483e-08
1.80054940e-08
-3.38380914e-08
3.58559191e-08
-1.72294676e-08
-4.19095159e-09
1.45906824e-08
-1.97130703e-08
2.07994617e-08
0.00000000e+00
-2.01787316e-08
9.46840828e-09
9.77888703e-09
-2.63875108e-08
2.82500423e-08
-8.07153810e-09
-4.65661287e-09
1.22623760e-08
-1.61429625e-08
3.25962901e-09
-1.39698386e-09
1.94025347e-08
-3.13546025e-08
2.90261823e-08
-1.45907393e-08
-4.50143034e-09
1.59876663e-08
-6.51931487e-09
-1.49012180e-08
1.86264515e-09
2.00234354e-08
-1.00893658e-08
7.76083198e-10
-2.63878519e-09
7.60576313e-09
-1.45907393e-08
1.58324838e-08
5.58793545e-09
-3.43037527e-08
2.11099405e-08
9.93406957e-09
-7.14015869e-09
-1.08656195e-09
-9.00280384e-09
6.05359674e-09
1.62981451e-08
-2.37487257e-08
1.42802605e-08
4.50137350e-09
-1.56773012e-08
3.25962901e-09
-7.76140041e-10
9.31322575e-09
-9.93412641e-09
9.62364766e-09
-4.65661287e-09
-4.50143034e-09
7.29534122e-09
-7.91624188e-09
1.47459218e-08
-1.90921128e-08
1.27280373e-08
-1.07102096e-08
1.95577741e-08
-2.42143869e-08
1.98681960e-08
-1.45907393e-08
4.34613412e-09
1.44354999e-08
-2.62322715e-08
2.18860805e-08
-1.00893658e-08
0.00000000e+00
1.00893089e-08
-2.18860805e-08
2.62322146e-08
-1.56773012e-08
1.56772444e-08
-2.57666102e-08
1.47459218e-08
-9.31322575e-10
-7.76140041e-10
1.26504460e-08
-2.68531721e-08
1.71518195e-08
-2.94920710e-09
-4.73426098e-09
7.99383315e-09
-1.78505388e-09
2.48348897e-09
-3.02679837e-09
-5.19992227e-09
-1.08656195e-09
2.24293331e-08
-2.73964247e-08
1.47459218e-08
6.20843821e-10
-6.13124485e-09
-6.82973678e-09
1.13310534e-08
-7.76140041e-10
1.55182533e-10
-2.01788453e-09
-2.71637646e-09
1.12534622e-08
-2.01010835e-08
1.44354999e-08
-1.39698386e-09
-9.39087386e-09
1.12534622e-08
3.88047283e-09
-2.12652367e-08
2.19636718e-08
9.31322575e-10
-1.98682528e-08
2.12651798e-08
-2.33607125e-08
2.22740937e-08
-1.97906047e-08
1.58324838e-08
-7.68341124e-09
2.56113708e-09
1.24174449e-09
-4.73426098e-09
4.81179541e-09
-2.25071517e-09
-3.80293841e-09
1.03221396e-08
-4.96709163e-09
-5.43309397e-10
-3.95812094e-09
1.21071935e-08
-1.55220619e-08
1.01669002e-08
-7.83865062e-09
1.10982228e-08
-1.35041773e-08
1.35041773e-08
-1.10982796e-08
7.83859377e-09
-1.01669571e-08
1.55220050e-08
-1.21071935e-08
3.95812094e-09
8.53674464e-10
0.00000000e+00
-6.98491931e-10
-6.13121642e-09
1.18743628e-08
-9.39084543e-09
-1.39698386e-09
1.42802605e-08
-1.79279596e-08
1.09430403e-08
-3.10450332e-10
-5.58793545e-09
2.40589770e-09
1.70740577e-09
4.88944352e-09
-1.02445483e-08
3.02679837e-09
-3.02679837e-09
1.06325899e-08
-1.10206599e-08
8.14907253e-09
2.87155899e-09
-1.91697325e-08
2.51457095e-08
-1.69966370e-08
2.48351739e-09
1.20295738e-08
-2.01786747e-08
1.48235415e-08
-8.03265721e-09
9.23560606e-09
-9.58488044e-09
5.12227416e-09
-2.75517209e-09
4.19095159e-09
-3.64769903e-09
1.82382109e-09
5.82076609e-10
-2.28951080e-09
1.43577950e-09
-3.22083338e-09
6.51925802e-09
-5.39392886e-09
1.08653353e-09
5.54911139e-09
-1.13311103e-08
1.01669286e-08
-3.22083338e-09
-2.09547579e-09
1.78502546e-09
7.75912667e-11
-3.10441806e-09
5.70435077e-09
-1.04773790e-09
-6.51925802e-09
9.74006298e-09
-9.81771109e-09
7.99384736e-09
-5.00585884e-09
2.56113708e-09
-1.24177291e-09
3.87956334e-11
5.43266765e-10
-1.16415322e-10
1.24175870e-09
-2.32830644e-09
1.24175870e-09
-3.88098442e-11
-6.98491931e-10
2.44472176e-09
-3.60887498e-09
3.18200932e-09
-3.80290999e-09
5.41331246e-09
-4.61781724e-09
3.29842464e-09
-4.48198989e-09
3.25962901e-09
9.70032943e-11
-5.23868948e-10
-5.62678792e-10
8.92512730e-10
-6.59696298e-10
8.73114914e-10
-1.35820244e-10
-3.00740055e-09
4.81183093e-09
-4.26856417e-09
2.46411958e-09
-4.26858549e-10
-8.73114914e-11
1.77533366e-09
-4.32677183e-09
4.34616965e-09
-2.08577688e-09
7.37294670e-10
-9.99236249e-10
7.76054776e-11
1.90144789e-09
-2.23614549e-09
1.24661170e-09
-1.34847866e-09
1.87719706e-09
-1.54250301e-09
1.01378284e-09
-5.57824009e-10
3.22566862e-10
-2.60722999e-10
5.88133986e-11
1.32786226e-10
-1.45519152e-10
1.45519152e-10
-1.32786226e-10
-5.88133986e-11
2.41319853e-10
-1.21254118e-11
-2.42525999e-11
-6.64536870e-10
9.02218744e-10
-7.13043846e-10
7.27595761e-10
-1.20780896e-09
2.19733920e-09
-1.28056854e-09
-1.24175870e-09
1.62011560e-09
-7.76097409e-10
2.08577688e-09
-4.34616965e-09
4.32677183e-09
-1.77533366e-09
1.64924074e-10
-8.14907253e-10
-1.35813139e-10
3.02679837e-09
-4.73421835e-09
3.00740055e-09
1.35820244e-10
-8.73114914e-10
6.59696298e-10
-8.92512730e-10
5.62678792e-10
5.23868948e-10
-9.70032943e-11
-3.25962901e-09
4.48198989e-09
-3.29842464e-09
4.61781724e-09
-5.41331246e-09
3.80290999e-09
-3.18200932e-09
3.60887498e-09
-2.44472176e-09
6.98491931e-10
3.88098442e-11
-1.24175870e-09
2.32830644e-09
-1.24175870e-09
1.16415322e-10
-5.43266765e-10
-3.87956334e-11
1.24177291e-09
-2.56113708e-09
5.00585884e-09
-7.99384736e-09
9.81771109e-09
-9.74006298e-09
6.51925802e-09
1.04773790e-09
-5.70435077e-09
3.10441806e-09
-7.75912667e-11
-1.78502546e-09
2.09547579e-09
3.22083338e-09
-1.00117177e-08
9.00280384e-09
-3.53125529e-09
3.41486839e-09
1.04773790e-09
-1.11758709e-08
1.25340591e-08
-6.40284270e-09
2.59996114e-09
-5.82076609e-10
-1.51339918e-09
-1.20294885e-09
3.25962901e-09
1.28056854e-09
-6.36401865e-09
5.04468289e-09
-4.57899318e-09
7.41178496e-09
-1.01669286e-08
1.58324838e-08
-1.70742283e-08
1.36594167e-08
-9.54605639e-09
3.10450332e-10
4.19095159e-09
2.09547579e-09
-3.49245965e-09
1.70743419e-09
-5.66552671e-09
2.40592612e-09
1.94026484e-09
9.31322575e-10
7.76196885e-11
-2.01785610e-09
-2.40589770e-09
5.89838578e-09
-5.04465447e-09
4.88944352e-09
-3.72529030e-09
2.71637646e-09
-4.73420414e-09
3.33724870e-09
3.57007934e-09
-8.53711413e-09
1.06326183e-08
-4.65661287e-09
-5.19986543e-09
3.88070021e-10
1.67638063e-08
-2.48352308e-08
1.48235699e-08
-3.18198090e-09
1.47463197e-09
-3.95812094e-09
9.77888703e-09
-1.28056854e-08
4.03576905e-09
9.31322575e-10
-1.70740577e-09
8.38190317e-09
-1.10206315e-08
1.07878577e-08
-4.65661287e-09
-5.35510480e-09
3.49245965e-09
2.25071517e-09
-5.12227416e-09
9.70129577e-09
-1.05549702e-08
1.78505388e-09
1.66862151e-08
-2.45248089e-08
1.00893658e-08
2.56113708e-09
1.39698386e-09
-7.60576313e-09
-1.47457513e-09
1.35818254e-08
-6.82967993e-09
-9.00274699e-09
1.22624328e-08
-1.22623760e-08
9.39087386e-09
3.88070021e-10
1.70746262e-09
-1.01669002e-08
4.50143034e-09
7.91624188e-09
-9.62364766e-09
6.05359674e-09
3.88070021e-10
-1.23400241e-08
2.29726425e-08
-2.41367388e-08
1.49011612e-08
-5.82076609e-09
9.39087386e-09
-2.28174031e-08
2.53009489e-08
-1.63757363e-08
9.85653514e-09
-3.25962901e-09
8.61473382e-09
-3.01903356e-08
3.95036182e-08
-2.66202846e-08
2.09547579e-09
2.74740160e-08
-3.99692226e-08
1.94025915e-08
8.38190317e-09
-1.41250212e-08
8.38190317e-09
-1.44354999e-08
1.38146561e-08
1.70746262e-09
-6.67444056e-09
4.65661287e-10
0.00000000e+00
-1.08650511e-09
1.66086238e-08
-2.09547579e-08
6.05359674e-09
-4.96703478e-09
3.88052968e-09
1.17967716e-08
-1.89368734e-08
1.14863496e-08
9.31322575e-09
-2.07995186e-08
1.10206884e-08
-1.59876663e-08
3.58559191e-08
-3.66320023e-08
2.80949166e-08
-2.98023224e-08
3.19754463e-08
-3.01127443e-08
3.22858682e-08
-3.43036959e-08
2.90262392e-08
-1.24176154e-08
-4.65661287e-09
1.73847070e-08
-2.80948598e-08
1.41250780e-08
1.10206884e-08
-1.64533276e-08
8.22672064e-09
-9.62364766e-09
6.05359674e-09
1.61429625e-08
-2.09547579e-08
5.43275291e-09
3.88052968e-09
2.32830644e-09
-6.67444056e-09
3.10478754e-10
2.79396772e-09
-9.31322575e-09
6.67449740e-09
5.43275291e-09
1.05550271e-08
-3.49245965e-08
2.66979328e-08
-9.00274699e-09
1.17967716e-08
-6.82967993e-09
-6.05359674e-09
-7.76026354e-10
1.87817477e-08
-2.00234354e-08
-1.05549134e-08
1.49011612e-08
1.52116399e-08
-1.59876663e-08
-4.65661287e-09
2.09547579e-08
-1.61428488e-08
-6.05359674e-09
9.31322575e-09
-2.79396772e-09
-4.65661287e-10
1.02445483e-08
-2.40590907e-08
2.59218496e-08
-8.69226824e-09
8.84756446e-09
-2.87157036e-08
3.33724302e-08
-1.73846502e-08
2.48360266e-09
-2.28174031e-08
4.96705752e-08
-4.19095159e-08
2.87158173e-08
-3.44589353e-08
3.63215804e-08
-2.56113708e-08
2.51457095e-08
-2.85605211e-08
1.35041773e-08
2.12652367e-08
-3.97363920e-08
2.21965593e-08
-4.65661287e-10
-1.42802037e-08
1.98682528e-08
-2.46800482e-08
2.51457095e-08
4.96709163e-09
-3.50797791e-08
3.44589353e-08
-2.74740160e-08
2.18860805e-08
-1.00892521e-08
-6.20843821e-10
2.00234354e-08
-4.06677145e-08
3.95812094e-08
-3.39932740e-08
1.62981451e-08
1.52116399e-08
-1.52115263e-08
-1.70741714e-08
4.42378223e-08
-2.77843810e-08
-1.76951289e-08
3.24411076e-08
-1.24175585e-08
-8.38190317e-09
7.14021553e-09
-1.55216640e-09
1.73847639e-08
-3.44589353e-08
4.64109462e-08
-4.59451712e-08
2.74740160e-08
-9.46840828e-09
-1.44354999e-08
3.16649675e-08
-4.00468707e-08
5.01362365e-08
-3.15096713e-08
2.01794137e-09
-4.65661287e-10
6.05359674e-09
7.60587682e-09
-2.39039082e-08
2.65426934e-08
-1.73846502e-08
8.22672064e-09
-8.84756446e-09
-5.12227416e-09
2.09547579e-08
-1.72294676e-08
1.03998445e-08
-9.93406957e-09
9.93418325e-09
-1.03997309e-08
1.59877800e-08
-1.86264515e-09
-2.09547579e-08
2.45248657e-08
-2.06442792e-08
-8.69226824e-09
5.46376668e-08
-6.42612576e-08
3.16649675e-08
1.05550271e-08
-2.54560746e-08
1.25728548e-08
-1.24168764e-09
6.98491931e-09
-6.20877927e-09
-1.08653921e-08
6.82973678e-09
4.81190909e-09
1.92474090e-08
-3.43036390e-08
9.15804321e-09
-5.74311798e-09
1.24176722e-08
1.39698386e-08
-2.66978759e-08
-5.12227416e-09
3.95812094e-08
-3.58559191e-08
1.16415322e-08
-9.93406957e-09
8.69238193e-09
8.69238193e-09
-1.03997309e-08
1.80056077e-08
-3.33723165e-08
2.96471399e-08
-2.29725856e-08
2.40592044e-08
-1.36593599e-08
-1.36593599e-08
2.31278818e-08
-7.14010184e-09
-1.41250212e-08
2.26622205e-08
9.31322575e-10
-3.75632681e-08
4.28408384e-08
-2.14204192e-08
2.18860805e-08
-5.01361228e-08
4.96705752e-08
-1.41250212e-08
1.08661879e-09
-4.34613412e-09
-1.55182533e-10
6.82973678e-09
-4.50131665e-09
-4.50131665e-09
7.91624188e-09
-1.73846502e-08
2.60770321e-08
-1.78503115e-08
1.59877800e-08
-2.91813649e-08
3.33724302e-08
-1.62981451e-08
-1.59876663e-08
2.82501560e-08
-1.76951289e-08
1.03998445e-08
-9.93406957e-09
1.07102096e-08
-2.28174031e-08
4.05125320e-08
-3.36827952e-08
9.77888703e-09
1.67638063e-08
-3.33723165e-08
2.91814786e-08
-1.39698386e-08
-1.44354999e-08
3.44589353e-08
-1.49011612e-08
-5.43263923e-09
-1.24168764e-09
-7.91624188e-09
2.26622205e-08
-7.60576313e-09
-6.36396180e-09
4.81190909e-09
1.55296220e-10
-7.29528438e-09
1.25728548e-08
-1.81607902e-08
-7.76026354e-10
2.94919573e-08
-1.94024778e-08
0.00000000e+00
1.94025915e-08
-3.07336450e-08
2.01787316e-08
-1.21071935e-08
3.10478754e-10
7.29539806e-09
-1.30385160e-08
2.62323283e-08
-2.46800482e-08
2.04890966e-08
-2.39039082e-08
1.41251348e-08
7.14021553e-09
-2.31277681e-08
1.36594736e-08
1.28833335e-08
-1.11758709e-08
-8.38190317e-09
6.98491931e-09
2.01794137e-09
-4.65661287e-09
2.32830644e-09
2.32830644e-09
-4.65661287e-09
3.10444648e-09
-1.10205747e-08
3.41485702e-08
-4.82734777e-08
4.11334895e-08
-1.72294676e-08
-9.00274699e-09
2.07995754e-08
-8.22660695e-09
-2.80948598e-08
3.81842256e-08
8.69238193e-09
-3.89602519e-08
2.35935431e-08
-2.35934294e-08
4.09781933e-08
-4.14438546e-08
3.01128011e-08
-2.32830644e-08
3.01128011e-08
-4.06677145e-08
2.88709998e-08
-2.63867150e-09
-2.12651230e-08
2.84053385e-08
-1.55220050e-08
9.77888703e-09
-1.86264515e-09
-1.35041773e-08
1.05550271e-08
-1.55220050e-08
2.79396772e-08
-1.39698386e-08
-1.39698386e-08
2.79396772e-08
-1.52115263e-08
6.67455424e-09
-2.21964456e-08
3.49245965e-08
-1.44354999e-08
-1.31936986e-08
1.70742851e-08
-1.52115263e-08
1.58324838e-08
6.20889296e-09
-4.47034836e-08
4.81184088e-08
-2.73187197e-08
4.96709163e-09
1.45907961e-08
6.20889296e-09
-4.39273435e-08
3.64768766e-08
-1.69189889e-08
2.48353444e-08
-3.35276127e-08
2.48353444e-08
-1.61428488e-08
2.35935431e-08
-1.28832198e-08
-2.53008920e-08
3.52350753e-08
-1.56771875e-08
5.74323167e-09
-7.91624188e-09
1.73847639e-08
-2.53008920e-08
3.72529030e-09
3.39932740e-08
-2.53008920e-08
-1.28832198e-08
2.35935431e-08
-1.49011612e-08
4.96709163e-09
4.96709163e-09
-1.56771875e-08
3.64768766e-08
-4.51691449e-08
2.56113708e-08
-1.49011612e-08
4.19095159e-09
1.45907961e-08
6.20889296e-09
-4.39273435e-08
3.64768766e-08
-1.64533276e-08
1.70742851e-08
-1.44354999e-08
6.20889296e-09
-1.56771875e-08
3.57007366e-08
-3.38379778e-08
1.83160864e-08
-1.52115263e-08
1.70742851e-08
-1.52115263e-08
1.62981451e-08
-2.32830644e-09
-1.27280373e-08
-2.32830644e-09
1.55221187e-08
-3.10433279e-09
-1.08650511e-09
-1.35041773e-08
9.77888703e-09
-3.88047283e-09
1.59877800e-08
-8.84756446e-09
-1.30385160e-08
7.76105935e-09
2.80949735e-08
-3.98915745e-08
1.84712690e-08
-1.03997309e-08
9.46852197e-09
-2.94915026e-09
2.48360266e-09
-1.70734893e-09
-9.93406957e-09
2.15757154e-08
-2.23517418e-08
2.28174031e-08
-2.88709998e-08
2.20413767e-08
-1.07102096e-08
9.62370450e-09
-5.58793545e-09
1.00893658e-08
-1.52115263e-08
-9.77888703e-09
3.21306288e-08
-1.70741714e-08
-3.88047283e-09
9.31322575e-09
-4.65661287e-09
-4.19095159e-09
2.79396772e-09
-5.43263923e-09
1.36594736e-08
-4.96697794e-09
-3.72529030e-09
-3.72529030e-09
-5.74311798e-09
2.57666670e-08
-2.51457095e-08
2.62323283e-08
-1.10205747e-08
-2.34382469e-08
3.83395218e-08
-3.11993062e-08
8.07153810e-09
6.05359674e-09
3.10478754e-10
-1.21071935e-08
1.86264515e-08
-6.98491931e-09
-1.03997309e-08
0.00000000e+00
1.08655058e-08
-7.76026354e-10
-3.10365067e-10
4.34624781e-09
1.55296220e-10
-4.81179541e-09
-2.62322146e-08
4.12886720e-08
-7.60576313e-09
-2.45247520e-08
1.73847639e-08
-7.91624188e-09
3.72529030e-09
1.66086238e-08
-2.56113708e-08
1.00893658e-08
4.65661287e-09
-1.39698386e-08
8.53719939e-09
1.59877800e-08
-2.12651230e-08
1.02445483e-08
-2.17301022e-09
-9.15792953e-09
8.69238193e-09
9.15804321e-09
-1.64533276e-08
1.03998445e-08
-1.02445483e-08
1.42803174e-08
-1.05549134e-08
1.59877800e-08
-3.69424242e-08
5.37063443e-08
-5.51032144e-08
2.73188334e-08
0.00000000e+00
7.91624188e-09
-2.39039082e-08
2.62323283e-08
-1.17967147e-08
-1.05549134e-08
8.07153810e-09
-1.45906824e-08
4.96705752e-08
-5.01361228e-08
2.06443929e-08
-7.76026354e-10
-7.29528438e-09
1.13311671e-08
9.31322575e-10
-2.54560746e-08
2.39040219e-08
-8.38190317e-09
5.74323167e-09
-1.49011612e-08
2.35935431e-08
-1.44354999e-08
-2.32830644e-09
1.75399464e-08
-3.33723165e-08
2.96471399e-08
-2.32830644e-08
2.93366611e-08
-2.98023224e-08
2.85606347e-08
-8.22660695e-09
-3.58559191e-08
5.97599410e-08
-4.82734777e-08
1.47459787e-08
2.01787316e-08
-2.28174031e-08
-3.72529030e-09
1.28833335e-08
5.89841420e-09
-2.79396772e-09
-3.04231662e-08
3.83395218e-08
-2.49904133e-08
1.19520109e-08
5.74323167e-09
0.00000000e+00
-5.27745669e-09
-1.97129566e-08
4.28408384e-08
-3.91155481e-08
2.59218496e-08
-2.57665533e-08
3.72529030e-09
3.44589353e-08
-3.30619514e-08
5.89841420e-09
9.31322575e-09
-1.50563437e-08
2.06443929e-08
-2.17301022e-09
-1.95577741e-08
3.41492523e-09
6.20957508e-10
2.12652367e-08
-2.84053385e-08
1.59877800e-08
-1.90921128e-08
4.47034836e-08
-3.60111017e-08
9.62370450e-09
-1.17967147e-08
6.82973678e-09
6.82973678e-09
-1.21071935e-08
1.11758709e-08
7.45058060e-09
-2.51457095e-08
1.05550271e-08
2.98023224e-08
-3.47693003e-08
4.81190909e-09
-6.20877927e-09
2.63875108e-08
-3.44589353e-08
3.61663979e-08
-2.17307843e-08
-2.01782768e-09
1.95577741e-08
-3.15096713e-08
3.13546025e-08
-1.66085101e-08
-9.77888703e-09
3.33724302e-08
-3.69424242e-08
3.57007366e-08
-4.65661287e-08
4.85840701e-08
-3.52349616e-08
2.74740160e-08
-2.18860805e-08
1.00893658e-08
-6.20843821e-10
6.20957508e-10
-9.00274699e-09
3.57010776e-09
2.09547579e-08
-2.49904133e-08
-4.34613412e-09
2.51457095e-08
-1.44354999e-08
-4.03565537e-09
8.38190317e-09
1.00893658e-08
-2.94918436e-08
9.31322575e-09
1.94025915e-08
-6.82962309e-09
-1.55220050e-08
1.22624897e-08
-5.43263923e-09
5.43275291e-09
-1.28832198e-08
2.62323283e-08
-2.48352308e-08
2.25070380e-08
-2.09547579e-08
0.00000000e+00
2.14204192e-08
-2.90261823e-08
2.45248657e-08
-1.53668225e-08
1.19520109e-08
-2.63867150e-09
-3.41481154e-09
-1.24175585e-08
2.82501560e-08
-2.07994617e-08
-9.31322575e-09
3.07336450e-08
-2.94918436e-08
2.23517418e-08
-1.53668225e-08
1.49011612e-08
-1.36593599e-08
-4.50131665e-09
1.61429625e-08
-1.02444915e-08
7.14021553e-09
1.55296220e-10
-8.84750762e-09
1.24180133e-09
2.40592044e-08
-3.86498300e-08
3.80290430e-08
-4.67213113e-08
4.85840701e-08
-3.46141178e-08
1.73847070e-08
-6.20843821e-10
-6.36401865e-09
-2.63872835e-09
1.44355567e-08
-1.94025347e-08
1.69190457e-08
-7.91618504e-09
5.58799229e-09
-1.24176154e-08
2.03339141e-08
-3.43036959e-08
4.09782501e-08
-3.01127443e-08
2.26622205e-08
-1.90921128e-08
5.27751354e-09
3.72529030e-09
4.96709163e-09
-1.45906824e-08
1.97130134e-08
-2.18860805e-08
1.70742851e-08
-6.98491931e-09
-9.77888703e-09
2.48352876e-08
-3.98916313e-08
5.54136932e-08
-4.65661287e-08
2.88709998e-08
-3.16649675e-08
2.59218496e-08
-1.86264515e-09
4.19095159e-09
-2.99575049e-08
2.35935431e-08
9.31322575e-10
-4.81179541e-09
5.58793545e-09
-1.45906824e-08
1.90921128e-08
-1.27280373e-08
1.00893658e-08
-9.31322575e-09
-3.10421910e-10
1.47459787e-08
-2.63874540e-08
2.43696263e-08
-1.56772444e-08
1.75399464e-08
-2.18860805e-08
2.07995754e-08
-3.21306288e-08
4.06677714e-08
-2.66978759e-08
3.33727712e-09
7.76105935e-09
-5.35510480e-09
7.37298933e-09
-8.53708571e-09
7.68341124e-09
-1.01669002e-08
1.59877231e-08
-1.89368734e-08
8.92521257e-09
-2.17306706e-09
8.22672064e-09
-7.99383315e-09
-2.09547579e-09
7.06256742e-09
-5.89835736e-09
0.00000000e+00
5.27751354e-09
2.87161583e-09
-1.62981451e-08
1.46683306e-08
-9.85647830e-09
2.07995754e-08
-2.75516072e-08
1.97906047e-08
-1.03221396e-08
6.28642738e-09
-3.57005092e-09
-7.76083198e-10
-1.31933575e-09
4.57902161e-09
-2.94915026e-09
7.45058060e-09
-1.17191234e-08
6.51925802e-09
-5.19986543e-09
7.29539806e-09
-7.29534122e-09
4.50143034e-09
4.57902161e-09
-7.76100251e-09
-2.17306706e-09
7.76105935e-09
-3.10421910e-10
-3.02679837e-09
-3.25962901e-09
2.87161583e-09
1.00893658e-08
-2.52233008e-08
2.74740160e-08
-1.36593599e-08
-2.32830644e-10
-7.75912667e-11
1.78505388e-09
6.36407549e-09
-1.69189889e-08
2.04890966e-08
-1.44354999e-08
1.16415322e-09
1.29609248e-08
-1.71518479e-08
1.72294676e-08
-1.42802605e-08
2.87158741e-09
2.79399615e-09
4.65661287e-09
-8.07145284e-09
2.87158741e-09
-2.63872835e-09
4.81185225e-09
-5.12227416e-09
7.60581997e-09
-1.18743628e-08
7.99386157e-09
5.51034418e-09
-9.31322575e-09
4.34619096e-09
-7.76100251e-09
1.55220619e-08
-1.45130912e-08
7.83865062e-09
-6.20880769e-09
4.42378223e-09
5.19989385e-09
-1.80831705e-08
2.31278534e-08
-2.09547579e-08
1.56772728e-08
-3.99691658e-09
-3.60887498e-09
6.20900664e-10
2.91038305e-09
-3.60887498e-09
2.17309548e-09
3.60887498e-09
-7.68341124e-09
6.09242079e-09
-2.28948238e-09
-4.38495817e-09
1.13311103e-08
-1.15251169e-08
7.52820029e-09
-4.50137350e-09
3.80290999e-09
-3.84170562e-09
-3.10438963e-09
9.81771109e-09
-5.93718141e-09
-2.21189111e-09
6.48046239e-09
-5.27748512e-09
-6.98491931e-10
7.87744625e-09
-1.20295738e-08
9.93412641e-09
9.31322575e-10
-7.52817186e-09
6.44166676e-09
-7.99384736e-09
8.61473382e-09
-8.14907253e-09
8.65354366e-09
-8.69233929e-09
8.65354366e-09
-8.11026268e-09
8.11027689e-09
-8.61473382e-09
7.79982656e-09
-3.10440385e-09
-1.61040248e-09
2.87158741e-09
-4.94765118e-09
6.59687771e-09
-4.85063367e-09
1.29998057e-09
1.51339918e-09
-3.60887498e-09
3.78349796e-09
-4.46249260e-10
-1.06713571e-09
1.55225166e-10
-1.29996636e-09
3.31783667e-09
-3.97751876e-09
3.70589248e-09
-3.10440385e-09
2.40591902e-09
-6.01474426e-10
-1.32907019e-09
1.45519152e-10
1.25146471e-09
-6.40284270e-10
9.70175051e-11
1.28056854e-09
-3.13350768e-09
3.19172244e-09
-2.14397744e-09
6.11180440e-10
9.70128866e-10
-8.48860537e-10
-5.19015941e-10
1.56190794e-09
-1.58615876e-09
9.33749078e-10
-2.95887759e-10
1.45519152e-11
4.72937245e-11
-5.09317033e-11
-2.21916707e-09
-3.06951511e-03
-5.96046448e-08
5.96046448e-08
3.06951511e-03
