6.39541249e-05
-9.59205499e-04
9.59205499e-04
-6.39541249e-05
-1.42608769e-08
-2.18860805e-08
-2.88709998e-08
-3.59723344e-08
-4.30736691e-08
-4.93600965e-08
-5.84404916e-08
-6.26314431e-08
-7.17118382e-08
-7.91624188e-08
-8.38190317e-08
-9.17352736e-08
-1.01514161e-07
-1.04773790e-07
-1.17812306e-07
-1.21071935e-07
-1.28056854e-07
-1.35507435e-07
-1.41095370e-07
-1.50874257e-07
-1.57393515e-07
-1.66706741e-07
-1.70432031e-07
-1.81607902e-07
-1.83470547e-07
-1.96509063e-07
-1.97440386e-07
-2.08616257e-07
-2.16066837e-07
-2.19792128e-07
-2.30967999e-07
-2.30036676e-07
-2.44937837e-07
-2.48663127e-07
-2.57045031e-07
-2.69152224e-07
-2.66358256e-07
-2.84053385e-07
-2.79396772e-07
-3.07336450e-07
-2.96160579e-07
-2.99885869e-07
-3.20374966e-07
-3.14787030e-07
-3.25962901e-07
-3.44589353e-07
-3.40864062e-07
-3.59490514e-07
-3.40864062e-07
-3.68803740e-07
-3.66941094e-07
-3.79979610e-07
-3.96743417e-07
-3.89292836e-07
-4.02331352e-07
-4.06056643e-07
-4.13507223e-07
-4.20957804e-07
-4.32133675e-07
-4.28408384e-07
-4.45172191e-07
-4.54485416e-07
-4.52622771e-07
-4.67523932e-07
-4.73111868e-07
-4.88013029e-07
-4.84287739e-07
-4.91738319e-07
-4.88013029e-07
-5.02914190e-07
-5.08502126e-07
-5.15952706e-07
-5.30853868e-07
-5.34579158e-07
-5.43892384e-07
-5.49480319e-07
-5.47617674e-07
-5.58793545e-07
-5.75557351e-07
-5.73694706e-07
-5.83007932e-07
-5.96046448e-07
-5.84870577e-07
-5.88595867e-07
-6.18398190e-07
-6.22123480e-07
-6.25848770e-07
-6.44475222e-07
-6.29574060e-07
-6.51925802e-07
-6.29574060e-07
-6.70552254e-07
-6.59376383e-07
-6.89178705e-07
-6.59376383e-07
-6.78002834e-07
-6.92903996e-07
-7.00354576e-07
-7.15255737e-07
-7.15255737e-07
-7.30156898e-07
-7.07805157e-07
-7.56233931e-07
-7.26431608e-07
-7.30156898e-07
-7.59959221e-07
-7.67409801e-07
-7.63684511e-07
-7.59959221e-07
-7.67409801e-07
-7.86036253e-07
-7.93486834e-07
-7.86036253e-07
-8.12113285e-07
-8.15838575e-07
-8.27014446e-07
-8.08387995e-07
-8.53091478e-07
-8.49366188e-07
-8.38190317e-07
-8.60542059e-07
-8.53091478e-07
-8.75443220e-07
-8.94069672e-07
-8.86619091e-07
-8.82893801e-07
-8.79168510e-07
-9.01520252e-07
-9.16421413e-07
-9.20146704e-07
-9.08970833e-07
-9.27597284e-07
-9.23871994e-07
-9.42498446e-07
-9.46223736e-07
-9.68575478e-07
-9.53674316e-07
-9.61124897e-07
-9.61124897e-07
-9.76026058e-07
-9.87201929e-07
-9.94652510e-07
-9.90927219e-07
-1.02445483e-06
-1.00955367e-06
-1.03563070e-06
-1.02445483e-06
-1.03563070e-06
-1.06170774e-06
-1.05425715e-06
-1.04308128e-06
-1.03935599e-06
-1.05425715e-06
-1.06915832e-06
-1.06543303e-06
-1.10268593e-06
-1.08405948e-06
-1.08033419e-06
-1.09151006e-06
-1.11758709e-06
-1.10268593e-06
-1.12503767e-06
-1.09896064e-06
-1.15111470e-06
-1.13621354e-06
-1.14366412e-06
-1.13621354e-06
-1.16229057e-06
-1.18464231e-06
-1.15483999e-06
-1.22934580e-06
-1.17719173e-06
-1.18464231e-06
-1.19209290e-06
-1.16229057e-06
-1.21444464e-06
-1.22189522e-06
-1.21444464e-06
-1.21444464e-06
-1.25914812e-06
-1.24424696e-06
-1.22934580e-06
-1.24424696e-06
-1.28895044e-06
-1.25914812e-06
-1.28149986e-06
-1.25914812e-06
-1.31130219e-06
-1.28149986e-06
-1.29640102e-06
-1.31130219e-06
-1.29640102e-06
-1.30385160e-06
-1.28149986e-06
-1.28149986e-06
-1.33365393e-06
-1.33365393e-06
-1.35600567e-06
-1.35600567e-06
-1.35600567e-06
-1.33365393e-06
-1.40815973e-06
-1.35600567e-06
-1.35600567e-06
-1.38580799e-06
-1.40070915e-06
-1.40070915e-06
-1.38580799e-06
-1.41561031e-06
-1.41561031e-06
-1.39325857e-06
-1.46776438e-06
-1.41561031e-06
-1.45286322e-06
-1.41561031e-06
-1.43796206e-06
-1.44541264e-06
-1.43796206e-06
-1.43796206e-06
-1.44541264e-06
-1.46776438e-06
-1.49011612e-06
-1.47521496e-06
-1.52736902e-06
-1.51246786e-06
-1.51991844e-06
-1.51246786e-06
-1.46031380e-06
-1.54972076e-06
-1.52736902e-06
-1.50501728e-06
-1.52736902e-06
-1.54972076e-06
-1.57207251e-06
-1.52736902e-06
-1.57207251e-06
-1.57952309e-06
-1.57207251e-06
-1.57952309e-06
-1.57207251e-06
-1.60932541e-06
-1.59442425e-06
-1.60932541e-06
-1.60187483e-06
-1.59442425e-06
-1.57952309e-06
-1.59442425e-06
-1.63167715e-06
-1.59442425e-06
-1.63912773e-06
-1.66893005e-06
-1.61677599e-06
-1.63167715e-06
-1.65402889e-06
-1.65402889e-06
-1.65402889e-06
-1.65402889e-06
-1.70618296e-06
-1.66147947e-06
-1.67638063e-06
-1.63912773e-06
-1.68383121e-06
-1.71363354e-06
-1.69128180e-06
-1.71363354e-06
-1.70618296e-06
-1.72853470e-06
-1.72853470e-06
-1.69873238e-06
-1.75088644e-06
-1.73598528e-06
-1.71363354e-06
-1.77323818e-06
-1.75088644e-06
-1.75088644e-06
-1.72853470e-06
-1.78068876e-06
-1.77323818e-06
-1.77323818e-06
-1.77323818e-06
-1.77323818e-06
-1.77323818e-06
-1.79558992e-06
-1.81049109e-06
-1.78813934e-06
-1.81049109e-06
-1.81794167e-06
-1.81049109e-06
-1.84774399e-06
-1.79558992e-06
-1.84774399e-06
-1.84029341e-06
-1.83284283e-06
-1.82539225e-06
-1.81794167e-06
-1.83284283e-06
-1.87009573e-06
-1.87009573e-06
-1.89244747e-06
-1.83284283e-06
-1.85519457e-06
-1.88499689e-06
-1.86264515e-06
-1.91479921e-06
-1.90734863e-06
-1.84029341e-06
-1.92970037e-06
-1.86264515e-06
-1.91479921e-06
-1.87009573e-06
-1.94460154e-06
-1.94460154e-06
-1.92970037e-06
-1.93715096e-06
-1.89244747e-06
-1.92970037e-06
-1.93715096e-06
-1.92970037e-06
-1.95205212e-06
-1.98185444e-06
-1.98185444e-06
-1.95205212e-06
-1.95205212e-06
-1.94460154e-06
-1.96695328e-06
-2.00420618e-06
-1.97440386e-06
-1.99675560e-06
-1.97440386e-06
-1.98930502e-06
-1.95950270e-06
-2.00420618e-06
-2.02655792e-06
-1.98930502e-06
-2.02655792e-06
-2.02655792e-06
-2.00420618e-06
-1.98185444e-06
-1.98185444e-06
-1.98185444e-06
-2.06381083e-06
-2.01165676e-06
-2.01910734e-06
-2.01165676e-06
-2.04890966e-06
-2.07126141e-06
-1.98185444e-06
-2.09361315e-06
-2.05636024e-06
-2.06381083e-06
-2.10106373e-06
-2.08616257e-06
-2.04145908e-06
-2.08616257e-06
-2.04145908e-06
-2.08616257e-06
-2.12341547e-06
-2.09361315e-06
-2.09361315e-06
-2.10851431e-06
-2.11596489e-06
-2.07871199e-06
-2.11596489e-06
-2.10851431e-06
-2.11596489e-06
-2.10106373e-06
-2.16066837e-06
-2.10106373e-06
-2.11596489e-06
-2.13086605e-06
-2.14576721e-06
-2.13831663e-06
-2.13086605e-06
-2.18302011e-06
-2.13831663e-06
-2.15321779e-06
-2.13086605e-06
-2.16811895e-06
-2.19047070e-06
-2.13831663e-06
-2.20537186e-06
-2.10106373e-06
-2.13831663e-06
-2.22027302e-06
-2.13086605e-06
-2.20537186e-06
-2.16811895e-06
-2.17556953e-06
-2.15321779e-06
-2.13831663e-06
-2.19047070e-06
-2.19047070e-06
-2.16066837e-06
-2.16066837e-06
-2.19047070e-06
-2.15321779e-06
-2.24262476e-06
-2.20537186e-06
-2.16066837e-06
-2.22772360e-06
-2.22772360e-06
-2.16066837e-06
-2.20537186e-06
-2.20537186e-06
-2.19792128e-06
-2.26497650e-06
-2.19047070e-06
-2.22772360e-06
-2.27987766e-06
-2.25007534e-06
-2.19792128e-06
-2.27987766e-06
-2.24262476e-06
-2.27987766e-06
-2.23517418e-06
-2.25007534e-06
-2.18302011e-06
-2.27242708e-06
-2.26497650e-06
-2.23517418e-06
-2.26497650e-06
-2.23517418e-06
-2.22772360e-06
-2.25752592e-06
-2.27242708e-06
-2.22772360e-06
-2.30222940e-06
-2.30222940e-06
-2.26497650e-06
-2.28732824e-06
-2.23517418e-06
-2.26497650e-06
-2.27987766e-06
-2.22027302e-06
-2.30222940e-06
-2.25007534e-06
-2.33948231e-06
-2.25752592e-06
-2.27987766e-06
-2.28732824e-06
-2.30222940e-06
-2.30222940e-06
-2.25007534e-06
-2.30222940e-06
-2.24262476e-06
-2.30967999e-06
-2.26497650e-06
-2.32458115e-06
-2.29477882e-06
-2.29477882e-06
-2.27987766e-06
-2.29477882e-06
-2.27987766e-06
-2.33203173e-06
-2.29477882e-06
-2.32458115e-06
-2.28732824e-06
-2.31713057e-06
-2.31713057e-06
-2.30967999e-06
-2.30967999e-06
-2.30222940e-06
-2.32458115e-06
-2.27987766e-06
-2.36183405e-06
-2.27987766e-06
-2.28732824e-06
-2.32458115e-06
-2.31713057e-06
-2.27987766e-06
-2.29477882e-06
-2.30222940e-06
-2.33948231e-06
-2.33203173e-06
-2.31713057e-06
-2.29477882e-06
-2.32458115e-06
-2.30967999e-06
-2.32458115e-06
-2.29477882e-06
-2.31713057e-06
-2.29477882e-06
-2.32458115e-06
-2.30967999e-06
-2.34693289e-06
-2.27987766e-06
-2.32458115e-06
-2.32458115e-06
-2.33948231e-06
-2.30967999e-06
-2.33203173e-06
-2.30967999e-06
-2.36183405e-06
-2.34693289e-06
-2.30967999e-06
-2.32458115e-06
-2.35438347e-06
-2.33948231e-06
-2.39908695e-06
-2.31713057e-06
-2.34693289e-06
-2.33203173e-06
-2.33203173e-06
-2.34693289e-06
-2.31713057e-06
-2.36183405e-06
-2.36183405e-06
-2.27987766e-06
-2.30967999e-06
-2.35438347e-06
-2.31713057e-06
-2.33203173e-06
-2.32458115e-06
-2.33203173e-06
-2.29477882e-06
-2.36928463e-06
-2.36183405e-06
-2.30967999e-06
-2.33203173e-06
-2.30967999e-06
-2.36183405e-06
-2.30967999e-06
-2.33203173e-06
-2.34693289e-06
-2.33948231e-06
-2.34693289e-06
-2.30967999e-06
-2.32458115e-06
-2.35438347e-06
-2.30222940e-06
-2.39908695e-06
-2.35438347e-06
-2.32458115e-06
-2.34693289e-06
-2.36183405e-06
-2.29477882e-06
-2.27987766e-06
-2.31713057e-06
-2.27242708e-06
-2.31713057e-06
-2.31713057e-06
-2.30967999e-06
-2.31713057e-06
-2.31713057e-06
-2.36928463e-06
-2.31713057e-06
-2.35438347e-06
-2.34693289e-06
-2.33203173e-06
-2.30967999e-06
-2.31713057e-06
-2.27987766e-06
-2.33203173e-06
-2.31713057e-06
-2.29477882e-06
-2.36183405e-06
-2.30222940e-06
-2.33203173e-06
-2.29477882e-06
-2.28732824e-06
-2.30967999e-06
-2.32458115e-06
-2.30967999e-06
-2.36183405e-06
-2.28732824e-06
-2.24262476e-06
-2.32458115e-06
-2.31713057e-06
-2.27987766e-06
-2.30967999e-06
-2.30967999e-06
-2.25752592e-06
-2.33203173e-06
-2.25752592e-06
-2.28732824e-06
-2.28732824e-06
-2.33203173e-06
-2.28732824e-06
-2.28732824e-06
-2.29477882e-06
-2.28732824e-06
-2.32458115e-06
-2.25007534e-06
-2.33948231e-06
-2.25752592e-06
-2.25752592e-06
-2.30222940e-06
-2.27242708e-06
-2.26497650e-06
-2.30222940e-06
-2.30222940e-06
-2.28732824e-06
-2.23517418e-06
-2.26497650e-06
-2.25752592e-06
-2.30967999e-06
-2.22772360e-06
-2.26497650e-06
-2.30222940e-06
-2.24262476e-06
-2.24262476e-06
-2.18302011e-06
-2.22027302e-06
-2.22027302e-06
-2.25752592e-06
-2.23517418e-06
-2.25007534e-06
-2.18302011e-06
-2.27242708e-06
-2.24262476e-06
-2.22772360e-06
-2.22772360e-06
-2.22772360e-06
-2.27987766e-06
-2.19047070e-06
-2.23517418e-06
-2.17556953e-06
-2.22772360e-06
-2.17556953e-06
-2.23517418e-06
-2.19047070e-06
-2.19792128e-06
-2.19792128e-06
-2.22772360e-06
-2.19047070e-06
-2.20537186e-06
-2.19047070e-06
-2.20537186e-06
-2.19047070e-06
-2.24262476e-06
-2.16811895e-06
-2.19792128e-06
-2.13831663e-06
-2.20537186e-06
-2.22027302e-06
-2.18302011e-06
-2.13086605e-06
-2.18302011e-06
-2.18302011e-06
-2.16811895e-06
-2.17556953e-06
-2.16811895e-06
-2.14576721e-06
-2.18302011e-06
-2.14576721e-06
-2.16811895e-06
-2.11596489e-06
-2.10106373e-06
-2.10851431e-06
-2.11596489e-06
-2.06381083e-06
-2.10851431e-06
-2.09361315e-06
-2.11596489e-06
-2.11596489e-06
-2.09361315e-06
-2.10851431e-06
-2.07871199e-06
-2.12341547e-06
-2.12341547e-06
-2.07871199e-06
-2.08616257e-06
-2.10851431e-06
-2.12341547e-06
-2.07126141e-06
-2.10851431e-06
-2.07871199e-06
-2.07871199e-06
-2.07126141e-06
-2.07126141e-06
-2.07871199e-06
-2.05636024e-06
-2.10106373e-06
-2.03400850e-06
-2.07126141e-06
-2.05636024e-06
-2.02655792e-06
-2.04145908e-06
-1.98185444e-06
-2.06381083e-06
-2.04890966e-06
-2.01910734e-06
-1.98930502e-06
-2.07871199e-06
-2.01165676e-06
-1.94460154e-06
-2.03400850e-06
-1.94460154e-06
-2.01165676e-06
-1.95950270e-06
-1.98185444e-06
-1.95950270e-06
-1.97440386e-06
-2.04145908e-06
-1.96695328e-06
-2.00420618e-06
-1.97440386e-06
-1.93715096e-06
-1.98930502e-06
-1.97440386e-06
-1.92970037e-06
-1.97440386e-06
-1.92970037e-06
-1.95205212e-06
-1.98185444e-06
-1.89989805e-06
-1.98185444e-06
-1.89244747e-06
-1.94460154e-06
-1.88499689e-06
-1.94460154e-06
-1.92970037e-06
-1.87754631e-06
-1.94460154e-06
-1.85519457e-06
-1.86264515e-06
-1.83284283e-06
-1.87754631e-06
-1.92224979e-06
-1.88499689e-06
-1.89244747e-06
-1.81794167e-06
-1.85519457e-06
-1.81049109e-06
-1.85519457e-06
-1.85519457e-06
-1.84774399e-06
-1.84029341e-06
-1.83284283e-06
-1.82539225e-06
-1.84774399e-06
-1.84774399e-06
-1.79558992e-06
-1.81049109e-06
-1.81049109e-06
-1.79558992e-06
-1.79558992e-06
-1.78068876e-06
-1.79558992e-06
-1.76578760e-06
-1.76578760e-06
-1.76578760e-06
-1.73598528e-06
-1.77323818e-06
-1.75088644e-06
-1.73598528e-06
-1.69873238e-06
-1.77323818e-06
-1.73598528e-06
-1.75088644e-06
-1.75088644e-06
-1.71363354e-06
-1.76578760e-06
-1.72108412e-06
-1.67638063e-06
-1.72853470e-06
-1.69128180e-06
-1.69128180e-06
-1.67638063e-06
-1.69873238e-06
-1.67638063e-06
-1.67638063e-06
-1.69128180e-06
-1.63912773e-06
-1.66893005e-06
-1.66893005e-06
-1.66893005e-06
-1.64657831e-06
-1.65402889e-06
-1.60932541e-06
-1.66893005e-06
-1.61677599e-06
-1.61677599e-06
-1.63167715e-06
-1.60187483e-06
-1.63167715e-06
-1.59442425e-06
-1.55717134e-06
-1.58697367e-06
-1.58697367e-06
-1.55717134e-06
-1.60932541e-06
-1.57207251e-06
-1.55717134e-06
-1.55717134e-06
-1.51991844e-06
-1.53481960e-06
-1.54227018e-06
-1.54972076e-06
-1.49756670e-06
-1.54227018e-06
-1.49756670e-06
-1.49756670e-06
-1.51246786e-06
-1.47521496e-06
-1.46031380e-06
-1.49756670e-06
-1.52736902e-06
-1.49011612e-06
-1.48266554e-06
-1.47521496e-06
-1.47521496e-06
-1.45286322e-06
-1.47521496e-06
-1.44541264e-06
-1.40070915e-06
-1.46776438e-06
-1.46776438e-06
-1.43051147e-06
-1.41561031e-06
-1.40815973e-06
-1.43051147e-06
-1.43051147e-06
-1.37835741e-06
-1.40070915e-06
-1.37835741e-06
-1.34110451e-06
-1.35600567e-06
-1.36345625e-06
-1.37090683e-06
-1.34855509e-06
-1.35600567e-06
-1.33365393e-06
-1.32620335e-06
-1.33365393e-06
-1.31875277e-06
-1.32620335e-06
-1.28895044e-06
-1.31130219e-06
-1.29640102e-06
-1.31130219e-06
-1.26659870e-06
-1.29640102e-06
-1.26659870e-06
-1.28149986e-06
-1.28149986e-06
-1.23679638e-06
-1.27404928e-06
-1.24424696e-06
-1.24424696e-06
-1.24424696e-06
-1.21444464e-06
-1.25169754e-06
-1.20699406e-06
-1.20699406e-06
-1.16229057e-06
-1.19954348e-06
-1.19209290e-06
-1.18464231e-06
-1.17719173e-06
-1.13248825e-06
-1.17346644e-06
-1.16229057e-06
-1.15856528e-06
-1.16974115e-06
-1.15483999e-06
-1.14366412e-06
-1.12503767e-06
-1.11758709e-06
-1.12876296e-06
-1.13993883e-06
-1.08033419e-06
-1.10641122e-06
-1.08778477e-06
-1.06543303e-06
-1.06543303e-06
-1.08778477e-06
-1.07288361e-06
-1.05798244e-06
-1.04308128e-06
-1.03563070e-06
-1.03563070e-06
-1.00210309e-06
-1.03190541e-06
-1.01700425e-06
-1.00582838e-06
-1.02445483e-06
-1.00582838e-06
-9.76026058e-07
-1.01327896e-06
-9.79751348e-07
-9.42498446e-07
-9.68575478e-07
-9.31322575e-07
-9.64850187e-07
-9.31322575e-07
-9.57399607e-07
-9.35047865e-07
-9.35047865e-07
-9.27597284e-07
-9.16421413e-07
-9.20146704e-07
-9.08970833e-07
-9.05245543e-07
-9.12696123e-07
-8.86619091e-07
-8.75443220e-07
-8.67992640e-07
-8.71717930e-07
-8.38190317e-07
-8.53091478e-07
-8.38190317e-07
-8.45640898e-07
-8.19563866e-07
-8.34465027e-07
-8.08387995e-07
-8.15838575e-07
-8.00937414e-07
-8.15838575e-07
-7.82310963e-07
-7.86036253e-07
-7.78585672e-07
-7.67409801e-07
-7.56233931e-07
-7.48783350e-07
-7.59959221e-07
-7.33882189e-07
-7.37607479e-07
-7.45058060e-07
-7.07805157e-07
-7.26431608e-07
-7.11530447e-07
-6.96629286e-07
-7.00354576e-07
-6.96629286e-07
-6.85453415e-07
-6.59376383e-07
-6.66826963e-07
-6.66826963e-07
-6.74277544e-07
-6.48200512e-07
-6.55651093e-07
-6.37024641e-07
-6.10947609e-07
-6.44475222e-07
-5.99771738e-07
-6.07222319e-07
-6.07222319e-07
-5.69969416e-07
-5.96046448e-07
-5.77419996e-07
-5.81145287e-07
-5.56930900e-07
-5.62518835e-07
-5.53205609e-07
-5.51342964e-07
-5.36441803e-07
-5.32716513e-07
-5.23403287e-07
-5.12227416e-07
-5.08502126e-07
-5.01051545e-07
-5.02914190e-07
-4.84287739e-07
-4.82425094e-07
-4.76837158e-07
-4.54485416e-07
-4.67523932e-07
-4.48897481e-07
-4.39584255e-07
-4.37721610e-07
-4.30271029e-07
-4.22820449e-07
-4.24683094e-07
-4.07919288e-07
-3.94880772e-07
-4.02331352e-07
-3.79979610e-07
-3.87430191e-07
-3.70666385e-07
-3.68803740e-07
-3.59490514e-07
-3.53902578e-07
-3.48314643e-07
-3.40864062e-07
-3.33413482e-07
-3.22237611e-07
-3.18512321e-07
-3.11061740e-07
-3.03611159e-07
-2.98023224e-07
-2.84984708e-07
-2.83122063e-07
-2.71946192e-07
-2.71946192e-07
-2.55182385e-07
-2.52388418e-07
-2.40281224e-07
-2.42143869e-07
-2.33761966e-07
-2.24448740e-07
-2.16998160e-07
-2.11410224e-07
-2.03028321e-07
-1.96509063e-07
-1.87195837e-07
-1.78813934e-07
-1.79745257e-07
-1.65775418e-07
-1.64844096e-07
-1.56462193e-07
-1.49011612e-07
-1.41561031e-07
-1.28988177e-07
-1.29919499e-07
-1.17346644e-07
-1.10827386e-07
-1.02445483e-07
-9.73232090e-08
-9.17352736e-08
-8.00937414e-08
-7.54371285e-08
-6.72880560e-08
-6.30971044e-08
-5.30853868e-08
-4.77302819e-08
-3.93483788e-08
-3.25962901e-08
-2.49128789e-08
-1.80443749e-08
-1.10012479e-08
-3.52156349e-09
3.52156349e-09
1.10012479e-08
1.80443749e-08
2.49128789e-08
3.25962901e-08
4.02797014e-08
4.77302819e-08
5.30853868e-08
6.12344593e-08
6.72880560e-08
7.54371285e-08
8.00937414e-08
9.17352736e-08
9.91858542e-08
1.02445483e-07
1.10827386e-07
1.17346644e-07
1.29919499e-07
1.28988177e-07
1.41561031e-07
1.49011612e-07
1.56462193e-07
1.61118805e-07
1.65775418e-07
1.79745257e-07
1.78813934e-07
1.87195837e-07
1.96509063e-07
2.03028321e-07
2.11410224e-07
2.16998160e-07
2.24448740e-07
2.33761966e-07
2.42143869e-07
2.40281224e-07
2.52388418e-07
2.55182385e-07
2.71946192e-07
2.71946192e-07
2.83122063e-07
2.84984708e-07
2.98023224e-07
3.03611159e-07
3.11061740e-07
3.18512321e-07
3.22237611e-07
3.33413482e-07
3.40864062e-07
3.48314643e-07
3.53902578e-07
3.59490514e-07
3.68803740e-07
3.70666385e-07
3.87430191e-07
3.79979610e-07
4.02331352e-07
3.94880772e-07
4.07919288e-07
4.24683094e-07
4.22820449e-07
4.30271029e-07
4.37721610e-07
4.39584255e-07
4.48897481e-07
4.67523932e-07
4.54485416e-07
4.69386578e-07
4.74974513e-07
4.91738319e-07
5.10364771e-07
4.93600965e-07
5.15952706e-07
5.19677997e-07
5.30853868e-07
5.40167093e-07
5.43892384e-07
5.43892384e-07
5.55068254e-07
5.69969416e-07
5.64381480e-07
5.73694706e-07
5.69969416e-07
5.88595867e-07
5.77419996e-07
6.14672899e-07
5.99771738e-07
6.25848770e-07
6.22123480e-07
6.18398190e-07
6.29574060e-07
6.48200512e-07
6.55651093e-07
6.66826963e-07
6.59376383e-07
6.59376383e-07
6.66826963e-07
6.78002834e-07
6.89178705e-07
6.92903996e-07
6.89178705e-07
7.04079866e-07
7.04079866e-07
7.18981028e-07
7.22706318e-07
7.33882189e-07
7.30156898e-07
7.37607479e-07
7.56233931e-07
7.48783350e-07
7.74860382e-07
7.86036253e-07
7.78585672e-07
7.74860382e-07
8.23289156e-07
7.93486834e-07
8.08387995e-07
8.15838575e-07
8.27014446e-07
8.27014446e-07
8.56816769e-07
8.45640898e-07
8.45640898e-07
8.49366188e-07
8.49366188e-07
8.75443220e-07
8.67992640e-07
8.94069672e-07
9.05245543e-07
8.97794962e-07
9.01520252e-07
9.12696123e-07
9.08970833e-07
9.35047865e-07
9.27597284e-07
9.27597284e-07
9.79751348e-07
9.53674316e-07
9.57399607e-07
9.72300768e-07
9.90927219e-07
9.83476639e-07
9.72300768e-07
1.00582838e-06
1.01700425e-06
9.98377800e-07
1.01700425e-06
9.98377800e-07
1.00955367e-06
1.02445483e-06
1.04308128e-06
1.02818012e-06
1.02818012e-06
1.05425715e-06
1.05053186e-06
1.06543303e-06
1.08033419e-06
1.05798244e-06
1.10641122e-06
1.08033419e-06
1.09896064e-06
1.10268593e-06
1.13248825e-06
1.09151006e-06
1.12876296e-06
1.11758709e-06
1.13621354e-06
1.14738941e-06
1.18091702e-06
1.12131238e-06
1.18464231e-06
1.16601586e-06
1.15483999e-06
1.22934580e-06
1.17719173e-06
1.18464231e-06
1.22189522e-06
1.21444464e-06
1.22934580e-06
1.19954348e-06
1.21444464e-06
1.23679638e-06
1.23679638e-06
1.23679638e-06
1.23679638e-06
1.23679638e-06
1.28895044e-06
1.27404928e-06
1.27404928e-06
1.25914812e-06
1.25914812e-06
1.29640102e-06
1.27404928e-06
1.28895044e-06
1.33365393e-06
1.31130219e-06
1.31875277e-06
1.28149986e-06
1.35600567e-06
1.31875277e-06
1.36345625e-06
1.31875277e-06
1.37090683e-06
1.33365393e-06
1.39325857e-06
1.34855509e-06
1.39325857e-06
1.40070915e-06
1.39325857e-06
1.43796206e-06
1.39325857e-06
1.39325857e-06
1.43051147e-06
1.41561031e-06
1.42306089e-06
1.40070915e-06
1.40070915e-06
1.45286322e-06
1.43796206e-06
1.43796206e-06
1.45286322e-06
1.47521496e-06
1.47521496e-06
1.47521496e-06
1.48266554e-06
1.46031380e-06
1.46031380e-06
1.48266554e-06
1.53481960e-06
1.47521496e-06
1.49756670e-06
1.49756670e-06
1.53481960e-06
1.54972076e-06
1.54227018e-06
1.53481960e-06
1.58697367e-06
1.57207251e-06
1.51991844e-06
1.51991844e-06
1.57207251e-06
1.57207251e-06
1.55717134e-06
1.60932541e-06
1.60932541e-06
1.58697367e-06
1.59442425e-06
1.59442425e-06
1.59442425e-06
1.62422657e-06
1.57952309e-06
1.61677599e-06
1.63167715e-06
1.66893005e-06
1.61677599e-06
1.66893005e-06
1.66893005e-06
1.66893005e-06
1.60187483e-06
1.69128180e-06
1.65402889e-06
1.69873238e-06
1.63912773e-06
1.69128180e-06
1.66893005e-06
1.72108412e-06
1.68383121e-06
1.69128180e-06
1.76578760e-06
1.71363354e-06
1.72853470e-06
1.74343586e-06
1.71363354e-06
1.74343586e-06
1.69873238e-06
1.73598528e-06
1.78813934e-06
1.72853470e-06
1.77323818e-06
1.73598528e-06
1.76578760e-06
1.76578760e-06
1.76578760e-06
1.82539225e-06
1.75833702e-06
1.81049109e-06
1.75833702e-06
1.75833702e-06
1.81049109e-06
1.81049109e-06
1.75833702e-06
1.84774399e-06
1.84774399e-06
1.78813934e-06
1.83284283e-06
1.84029341e-06
1.81794167e-06
1.81794167e-06
1.81794167e-06
1.87009573e-06
1.81794167e-06
1.90734863e-06
1.85519457e-06
1.88499689e-06
1.88499689e-06
1.84029341e-06
1.89244747e-06
1.82539225e-06
1.91479921e-06
1.90734863e-06
1.89989805e-06
1.89244747e-06
1.90734863e-06
1.94460154e-06
1.90734863e-06
1.95205212e-06
1.94460154e-06
1.95950270e-06
1.94460154e-06
1.91479921e-06
1.95205212e-06
1.93715096e-06
1.95205212e-06
1.93715096e-06
1.95205212e-06
1.93715096e-06
1.97440386e-06
2.00420618e-06
1.96695328e-06
2.00420618e-06
1.97440386e-06
1.92224979e-06
2.04145908e-06
1.95950270e-06
1.97440386e-06
2.02655792e-06
1.99675560e-06
2.00420618e-06
2.01165676e-06
2.04145908e-06
2.04890966e-06
2.01910734e-06
2.01165676e-06
2.02655792e-06
2.10106373e-06
2.06381083e-06
2.04890966e-06
2.01910734e-06
2.03400850e-06
2.09361315e-06
2.06381083e-06
2.01910734e-06
2.10106373e-06
2.07126141e-06
2.07126141e-06
2.04145908e-06
2.04145908e-06
2.07126141e-06
2.07126141e-06
2.12341547e-06
2.07126141e-06
2.10851431e-06
2.07871199e-06
2.12341547e-06
2.12341547e-06
2.07871199e-06
2.10851431e-06
2.11596489e-06
2.07871199e-06
2.11596489e-06
2.15321779e-06
2.07126141e-06
2.12341547e-06
2.11596489e-06
2.16811895e-06
2.06381083e-06
2.11596489e-06
2.13086605e-06
2.14576721e-06
2.14576721e-06
2.14576721e-06
2.16811895e-06
2.17556953e-06
2.16811895e-06
2.18302011e-06
2.14576721e-06
2.19047070e-06
2.18302011e-06
2.22027302e-06
2.16811895e-06
2.22027302e-06
2.22027302e-06
2.16811895e-06
2.20537186e-06
2.19047070e-06
2.20537186e-06
2.19047070e-06
2.20537186e-06
2.15321779e-06
2.22772360e-06
2.19792128e-06
2.19792128e-06
2.25007534e-06
2.19792128e-06
2.23517418e-06
2.22772360e-06
2.17556953e-06
2.23517418e-06
2.25007534e-06
2.24262476e-06
2.22772360e-06
2.19047070e-06
2.22772360e-06
2.24262476e-06
2.23517418e-06
2.24262476e-06
2.25007534e-06
2.23517418e-06
2.25752592e-06
2.22027302e-06
2.18302011e-06
2.24262476e-06
2.24262476e-06
2.24262476e-06
2.30222940e-06
2.26497650e-06
2.28732824e-06
2.27242708e-06
2.25752592e-06
2.26497650e-06
2.23517418e-06
2.28732824e-06
2.26497650e-06
2.30222940e-06
2.26497650e-06
2.27242708e-06
2.30222940e-06
2.25752592e-06
2.25752592e-06
2.30222940e-06
2.30967999e-06
2.28732824e-06
2.28732824e-06
2.29477882e-06
2.28732824e-06
2.28732824e-06
2.29477882e-06
2.28732824e-06
2.28732824e-06
2.25752592e-06
2.33203173e-06
2.25752592e-06
2.30967999e-06
2.30967999e-06
2.27987766e-06
2.31713057e-06
2.32458115e-06
2.24262476e-06
2.28732824e-06
2.36183405e-06
2.30967999e-06
2.32458115e-06
2.27242708e-06
2.34693289e-06
2.29477882e-06
2.33203173e-06
2.30222940e-06
2.36183405e-06
2.29477882e-06
2.31713057e-06
2.33203173e-06
2.27987766e-06
2.31713057e-06
2.30967999e-06
2.33203173e-06
2.34693289e-06
2.31713057e-06
2.31713057e-06
2.27242708e-06
2.31713057e-06
2.31713057e-06
2.27242708e-06
2.31713057e-06
2.31713057e-06
2.33203173e-06
2.27987766e-06
2.33948231e-06
2.35438347e-06
2.32458115e-06
2.34693289e-06
2.32458115e-06
2.35438347e-06
2.39908695e-06
2.30222940e-06
2.35438347e-06
2.32458115e-06
2.30967999e-06
2.34693289e-06
2.39908695e-06
2.30967999e-06
2.33203173e-06
2.30967999e-06
2.36183405e-06
2.30967999e-06
2.33203173e-06
2.30967999e-06
2.36183405e-06
2.36928463e-06
2.29477882e-06
2.33203173e-06
2.32458115e-06
2.33203173e-06
2.31713057e-06
2.35438347e-06
2.30967999e-06
2.27987766e-06
2.36183405e-06
2.36183405e-06
2.31713057e-06
2.34693289e-06
2.33203173e-06
2.33203173e-06
2.34693289e-06
2.31713057e-06
2.39908695e-06
2.33948231e-06
2.35438347e-06
2.32458115e-06
2.30967999e-06
2.34693289e-06
2.39908695e-06
2.30967999e-06
2.33203173e-06
2.30967999e-06
2.33948231e-06
2.32458115e-06
2.32458115e-06
2.27987766e-06
2.34693289e-06
2.30967999e-06
2.32458115e-06
2.29477882e-06
2.31713057e-06
2.29477882e-06
2.32458115e-06
2.34693289e-06
2.32458115e-06
2.29477882e-06
2.31713057e-06
2.33203173e-06
2.33948231e-06
2.30222940e-06
2.29477882e-06
2.27987766e-06
2.31713057e-06
2.32458115e-06
2.28732824e-06
2.27987766e-06
2.36183405e-06
2.31713057e-06
2.32458115e-06
2.30222940e-06
2.30967999e-06
2.30967999e-06
2.31713057e-06
2.31713057e-06
2.28732824e-06
2.32458115e-06
2.29477882e-06
2.33203173e-06
2.27987766e-06
2.29477882e-06
2.27987766e-06
2.29477882e-06
2.29477882e-06
2.32458115e-06
2.30222940e-06
2.25007534e-06
2.30222940e-06
2.30222940e-06
2.28732824e-06
2.30222940e-06
2.30222940e-06
2.28732824e-06
2.27987766e-06
2.25752592e-06
2.27987766e-06
2.28732824e-06
2.27987766e-06
2.25752592e-06
2.22027302e-06
2.26497650e-06
2.23517418e-06
2.28732824e-06
2.30222940e-06
2.24262476e-06
2.30222940e-06
2.26497650e-06
2.25007534e-06
2.25752592e-06
2.26497650e-06
2.23517418e-06
2.26497650e-06
2.27242708e-06
2.24262476e-06
2.21282244e-06
2.22027302e-06
2.22772360e-06
2.23517418e-06
2.25752592e-06
2.27987766e-06
2.27987766e-06
2.19792128e-06
2.25007534e-06
2.27987766e-06
2.22772360e-06
2.22772360e-06
2.20537186e-06
2.19792128e-06
2.24262476e-06
2.20537186e-06
2.19792128e-06
2.20537186e-06
2.16811895e-06
2.16066837e-06
2.20537186e-06
2.18302011e-06
2.19047070e-06
2.19047070e-06
2.16066837e-06
2.16066837e-06
2.19047070e-06
2.16811895e-06
2.17556953e-06
2.15321779e-06
2.17556953e-06
2.16811895e-06
2.20537186e-06
2.13086605e-06
2.22027302e-06
2.13831663e-06
2.13831663e-06
2.14576721e-06
2.17556953e-06
2.13086605e-06
2.16811895e-06
2.16811895e-06
2.13086605e-06
2.11596489e-06
2.06381083e-06
2.16811895e-06
2.11596489e-06
2.12341547e-06
2.13086605e-06
2.11596489e-06
2.13831663e-06
2.16066837e-06
2.10106373e-06
2.11596489e-06
2.10851431e-06
2.11596489e-06
2.07871199e-06
2.11596489e-06
2.10851431e-06
2.09361315e-06
2.13086605e-06
2.06381083e-06
2.08616257e-06
2.04145908e-06
2.08616257e-06
2.04145908e-06
2.08616257e-06
2.10106373e-06
2.00420618e-06
2.09361315e-06
2.03400850e-06
2.01910734e-06
2.07126141e-06
2.04890966e-06
2.01165676e-06
2.01910734e-06
2.04890966e-06
2.06381083e-06
1.98185444e-06
2.01910734e-06
1.98185444e-06
1.98185444e-06
2.00420618e-06
2.02655792e-06
2.02655792e-06
1.96695328e-06
2.04145908e-06
1.99675560e-06
2.02655792e-06
1.97440386e-06
1.93715096e-06
2.01165676e-06
1.98185444e-06
1.96695328e-06
1.98185444e-06
1.95205212e-06
1.98930502e-06
2.01910734e-06
1.98185444e-06
1.95205212e-06
1.92970037e-06
1.97440386e-06
1.92970037e-06
1.92970037e-06
1.87754631e-06
1.96695328e-06
1.94460154e-06
1.94460154e-06
1.90734863e-06
1.89244747e-06
1.89989805e-06
1.87009573e-06
1.87754631e-06
1.90734863e-06
1.85519457e-06
1.84029341e-06
1.92224979e-06
1.89244747e-06
1.87009573e-06
1.83284283e-06
1.87754631e-06
1.81794167e-06
1.87009573e-06
1.85519457e-06
1.83284283e-06
1.87009573e-06
1.81049109e-06
1.84774399e-06
1.83284283e-06
1.78813934e-06
1.84774399e-06
1.79558992e-06
1.84774399e-06
1.75833702e-06
1.81794167e-06
1.77323818e-06
1.81049109e-06
1.78068876e-06
1.78068876e-06
1.78068876e-06
1.78068876e-06
1.75088644e-06
1.73598528e-06
1.78813934e-06
1.75833702e-06
1.71363354e-06
1.75088644e-06
1.74343586e-06
1.72108412e-06
1.72853470e-06
1.76578760e-06
1.70618296e-06
1.67638063e-06
1.71363354e-06
1.72853470e-06
1.69128180e-06
1.69128180e-06
1.67638063e-06
1.67638063e-06
1.63912773e-06
1.68383121e-06
1.65402889e-06
1.69128180e-06
1.66147947e-06
1.63167715e-06
1.66893005e-06
1.61677599e-06
1.63912773e-06
1.61677599e-06
1.63167715e-06
1.63912773e-06
1.63167715e-06
1.58697367e-06
1.63167715e-06
1.60932541e-06
1.55717134e-06
1.60187483e-06
1.55717134e-06
1.57952309e-06
1.55717134e-06
1.57952309e-06
1.55717134e-06
1.51991844e-06
1.53481960e-06
1.51991844e-06
1.52736902e-06
1.53481960e-06
1.51246786e-06
1.49756670e-06
1.55717134e-06
1.49756670e-06
1.54972076e-06
1.46031380e-06
1.51991844e-06
1.47521496e-06
1.48266554e-06
1.49011612e-06
1.47521496e-06
1.45286322e-06
1.47521496e-06
1.43796206e-06
1.45286322e-06
1.44541264e-06
1.45286322e-06
1.42306089e-06
1.45286322e-06
1.37835741e-06
1.43051147e-06
1.39325857e-06
1.42306089e-06
1.39325857e-06
1.37835741e-06
1.37835741e-06
1.39325857e-06
1.36345625e-06
1.39325857e-06
1.35600567e-06
1.37090683e-06
1.36345625e-06
1.32620335e-06
1.36345625e-06
1.28149986e-06
1.37090683e-06
1.31875277e-06
1.34855509e-06
1.28149986e-06
1.29640102e-06
1.31130219e-06
1.33365393e-06
1.25914812e-06
1.25914812e-06
1.26659870e-06
1.25914812e-06
1.26659870e-06
1.22934580e-06
1.25169754e-06
1.23679638e-06
1.25169754e-06
1.23679638e-06
1.22189522e-06
1.25169754e-06
1.19954348e-06
1.22189522e-06
1.19954348e-06
1.22934580e-06
1.19209290e-06
1.21444464e-06
1.13993883e-06
1.19209290e-06
1.16229057e-06
1.13993883e-06
1.14366412e-06
1.13248825e-06
1.14366412e-06
1.12876296e-06
1.13621354e-06
1.11386180e-06
1.13993883e-06
1.10641122e-06
1.09896064e-06
1.08778477e-06
1.10268593e-06
1.09151006e-06
1.07288361e-06
1.07660890e-06
1.06170774e-06
1.04680657e-06
1.05053186e-06
1.06170774e-06
1.02072954e-06
1.02445483e-06
1.00210309e-06
1.04308128e-06
9.98377800e-07
1.01327896e-06
9.98377800e-07
1.00210309e-06
9.94652510e-07
9.83476639e-07
9.68575478e-07
9.68575478e-07
9.61124897e-07
9.76026058e-07
9.53674316e-07
9.49949026e-07
9.31322575e-07
9.35047865e-07
9.16421413e-07
9.12696123e-07
9.23871994e-07
9.08970833e-07
8.86619091e-07
8.90344381e-07
8.94069672e-07
8.86619091e-07
8.67992640e-07
8.60542059e-07
8.82893801e-07
8.27014446e-07
8.56816769e-07
8.45640898e-07
8.30739737e-07
8.15838575e-07
8.08387995e-07
8.19563866e-07
7.78585672e-07
8.00937414e-07
7.78585672e-07
7.59959221e-07
7.82310963e-07
7.52508640e-07
7.74860382e-07
7.52508640e-07
7.37607479e-07
7.33882189e-07
7.45058060e-07
7.30156898e-07
7.22706318e-07
7.07805157e-07
7.07805157e-07
6.92903996e-07
7.00354576e-07
6.70552254e-07
6.66826963e-07
6.81728125e-07
6.66826963e-07
6.63101673e-07
6.37024641e-07
6.59376383e-07
6.37024641e-07
6.37024641e-07
6.18398190e-07
6.14672899e-07
6.25848770e-07
5.81145287e-07
6.07222319e-07
5.69969416e-07
5.81145287e-07
5.81145287e-07
5.68106771e-07
5.56930900e-07
5.55068254e-07
5.42029738e-07
5.36441803e-07
5.42029738e-07
5.23403287e-07
5.23403287e-07
5.15952706e-07
4.95463610e-07
5.10364771e-07
4.89875674e-07
4.91738319e-07
4.80562449e-07
4.80562449e-07
4.67523932e-07
4.45172191e-07
4.54485416e-07
4.45172191e-07
4.28408384e-07
4.32133675e-07
4.19095159e-07
4.04193997e-07
4.13507223e-07
3.85567546e-07
3.89292836e-07
3.96743417e-07
3.79979610e-07
3.81842256e-07
3.59490514e-07
3.63215804e-07
3.42726707e-07
3.48314643e-07
3.27825546e-07
3.33413482e-07
3.14787030e-07
3.20374966e-07
2.99885869e-07
3.03611159e-07
2.98023224e-07
2.86847353e-07
2.84053385e-07
2.66358256e-07
2.69152224e-07
2.57045031e-07
2.48663127e-07
2.44937837e-07
2.30036676e-07
2.27242708e-07
2.23517418e-07
2.16066837e-07
2.08616257e-07
1.97440386e-07
1.96509063e-07
1.83470547e-07
1.81607902e-07
1.70432031e-07
1.66706741e-07
1.61118805e-07
1.50874257e-07
1.41095370e-07
1.35507435e-07
1.28056854e-07
1.21071935e-07
1.17812306e-07
1.04773790e-07
1.01514161e-07
9.17352736e-08
8.38190317e-08
7.91624188e-08
7.17118382e-08
6.26314431e-08
5.84404916e-08
4.93600965e-08
4.30736691e-08
3.59723344e-08
2.88709998e-08
2.18860805e-08
1.42608769e-08
0.00000000e+00
0.00000000e+00
0.00000000e+00
0.00000000e+00
