0.00000000e+00
0.00000000e+00
6.49134279e-04
-7.82457762e-04
6.32537995e-04
-3.61535873e-04
1.51859291e-04
-4.68529979e-05
1.05099425e-05
-1.68677286e-06
1.88470011e-07
-1.20798083e-08
-1.15097809e-09
1.13552057e-09
-1.72835268e-09
3.78702580e-09
-6.32637720e-09
7.84868170e-09
-7.38258699e-09
5.06211784e-09
-1.88087634e-09
-1.07857256e-09
3.29084560e-09
-4.90992669e-09
6.43289466e-09
-8.22944646e-09
1.02529345e-08
-1.20290906e-08
1.28054287e-08
-1.17976002e-08
8.56991278e-09
-3.39741257e-09
-2.70434120e-09
8.30403657e-09
-1.19311707e-08
1.23779653e-08
-9.04972808e-09
2.28026553e-09
6.71649714e-09
-1.63257496e-08
2.49459351e-08
-3.07747605e-08
3.14683000e-08
-2.51856367e-08
1.30741276e-08
-3.63921143e-10
-6.34152064e-09
3.61060626e-09
6.88808388e-09
-2.04602912e-08
3.24646905e-08
-3.94817548e-08
3.92086648e-08
-3.10397965e-08
1.70984205e-08
-1.97056194e-09
-9.40081701e-09
1.43728816e-08
-1.38901166e-08
1.13835545e-08
-1.01011075e-08
1.08269607e-08
-1.15685994e-08
9.49591161e-09
-3.66257136e-09
-4.04598932e-09
1.07306217e-08
-1.49198076e-08
1.70103629e-08
-1.79364683e-08
1.80665296e-08
-1.70653802e-08
1.42575205e-08
-9.33800770e-09
3.15924265e-09
2.28956853e-09
-5.01198727e-09
4.39003189e-09
-1.80351667e-09
-7.69355482e-11
-6.96247726e-10
3.35056294e-09
-4.75953765e-09
2.70246847e-09
1.17377630e-09
-2.59426058e-09
-4.58126148e-10
4.64340166e-09
-3.95257382e-09
-4.73795492e-09
1.94704608e-08
-3.58338816e-08
5.03127886e-08
-6.11324040e-08
6.75362770e-08
-6.92607998e-08
6.60333228e-08
-5.71358356e-08
4.24205382e-08
-2.40673774e-08
5.92665206e-09
9.73587877e-09
-2.39832865e-08
3.87482864e-08
-5.25560289e-08
5.94681815e-08
-5.37992229e-08
3.66615360e-08
-1.66146528e-08
2.66500733e-09
2.52990051e-09
-2.25275021e-09
1.08272125e-09
-2.25962782e-09
7.22536608e-09
-1.50842503e-08
2.33191635e-08
-3.04580965e-08
3.67996620e-08
-4.12438546e-08
3.93557578e-08
-2.73529377e-08
7.79119347e-09
1.07231104e-08
-1.99492138e-08
1.77429200e-08
-8.31958769e-09
-1.93313476e-09
8.90673224e-09
-1.20090480e-08
1.26301707e-08
-1.28290027e-08
1.47156749e-08
-1.90318481e-08
2.41819738e-08
-2.78714296e-08
2.95548226e-08
-3.03477918e-08
3.08201820e-08
-2.99759080e-08
2.66891149e-08
-2.14609326e-08
1.65110627e-08
-1.47177879e-08
1.82881195e-08
-2.71145311e-08
3.77965854e-08
-4.49608670e-08
4.42418333e-08
-3.46629250e-08
1.93592786e-08
-4.30747749e-09
-5.15158494e-09
7.57876872e-09
-4.72646855e-09
-1.98360950e-09
1.23126842e-08
-2.43214497e-08
3.31326575e-08
-3.47719826e-08
3.09461754e-08
-2.82971211e-08
3.23716804e-08
-4.32433538e-08
5.66457210e-08
-6.71997640e-08
7.04507599e-08
-6.45228084e-08
5.08217219e-08
-3.14316004e-08
5.93097038e-09
2.64639493e-08
-6.06788504e-08
8.42145482e-08
-8.46078620e-08
5.95456804e-08
-1.99747721e-08
-1.64875491e-08
3.66000386e-08
-3.92329511e-08
3.38256463e-08
-3.02137195e-08
2.99787466e-08
-2.91715363e-08
2.75945453e-08
-3.06888666e-08
4.18431796e-08
-5.74410244e-08
7.11011339e-08
-7.88926400e-08
7.85413334e-08
-6.75616363e-08
4.58721665e-08
-1.89954843e-08
-3.77667675e-09
1.45472150e-08
-1.05809814e-08
-4.51739224e-09
2.22019274e-08
-3.40110340e-08
3.79590332e-08
-4.01463467e-08
4.86980056e-08
-6.45988365e-08
7.82564342e-08
-7.71244757e-08
5.80830282e-08
-3.05194483e-08
6.46697718e-09
8.85227180e-09
-1.49226445e-08
9.11031073e-09
1.24342119e-08
-4.71482586e-08
8.31763600e-08
-1.06235767e-07
1.08882162e-07
-9.31978974e-08
6.69732643e-08
-3.91642665e-08
1.70804064e-08
-4.62315963e-09
2.35864461e-09
-9.37935241e-09
2.36985525e-08
-4.01710416e-08
5.00633242e-08
-4.48361988e-08
2.11191580e-08
1.62796585e-08
-5.39999938e-08
7.49136433e-08
-6.91809134e-08
4.23738484e-08
-9.59215996e-09
-1.83158768e-08
3.90942176e-08
-5.16664649e-08
5.18177998e-08
-3.76203779e-08
1.42084300e-08
9.94416549e-09
-2.89945383e-08
4.05506881e-08
-4.37491785e-08
3.93200033e-08
-3.01735845e-08
1.91866540e-08
-6.14944629e-09
-1.08127001e-08
2.91351210e-08
-3.90892865e-08
3.12582777e-08
-7.97405342e-09
-1.57355693e-08
2.50561154e-08
-1.75659824e-08
8.89380791e-10
1.84063218e-08
-3.90282260e-08
5.97053145e-08
-7.54124017e-08
8.02644209e-08
-7.11948474e-08
4.88139378e-08
-1.81375626e-08
-1.14103633e-08
3.00681684e-08
-3.28704601e-08
2.05561967e-08
1.74209280e-09
-2.41380889e-08
3.35173418e-08
-2.14308535e-08
-7.59322560e-09
3.83738268e-08
-5.78409107e-08
6.43060361e-08
-6.34003285e-08
5.84198609e-08
-4.84982721e-08
3.43179494e-08
-2.05265795e-08
1.12526868e-08
-5.64487745e-09
-6.17489115e-10
9.54032497e-09
-1.70291177e-08
1.53863180e-08
2.07850376e-10
-2.73305751e-08
5.68660603e-08
-7.70840174e-08
7.95873163e-08
-6.45835598e-08
4.09663414e-08
-2.02749035e-08
1.01222541e-08
-1.21663577e-08
2.36956499e-08
-3.94148429e-08
5.19488275e-08
-5.27161710e-08
3.63904071e-08
-7.76785836e-09
-1.66429555e-08
1.74211792e-08
1.38645460e-08
-6.70720155e-08
1.19656107e-07
-1.52143983e-07
1.58632744e-07
-1.43641586e-07
1.13054249e-07
-7.14222494e-08
2.54601016e-08
1.47691441e-08
-3.95785591e-08
4.45629489e-08
-3.35065096e-08
1.67026251e-08
-3.77383458e-09
-3.12141823e-09
7.91890553e-09
-1.31544331e-08
1.59701425e-08
-1.12372227e-08
-3.18906634e-09
2.39840325e-08
-4.40464127e-08
5.73891406e-08
-6.28185006e-08
6.18935161e-08
-5.38562901e-08
3.55285046e-08
-7.93403920e-09
-1.93558627e-08
3.43490569e-08
-3.37619745e-08
2.61492836e-08
-2.40803164e-08
3.46513467e-08
-5.55889805e-08
7.67691972e-08
-8.60797087e-08
7.67541692e-08
-4.89904579e-08
5.48246959e-09
4.87832743e-08
-1.00301207e-07
1.28234433e-07
-1.19780822e-07
8.42494003e-08
-4.80439475e-08
3.40372956e-08
-4.49077007e-08
6.40708393e-08
-7.07805441e-08
5.58864777e-08
-2.69059388e-08
-3.65020014e-10
1.62522706e-08
-2.39162290e-08
3.19575264e-08
-4.29875300e-08
5.25103552e-08
-5.76830246e-08
6.24128518e-08
-7.14053172e-08
8.16051724e-08
-8.34316793e-08
7.10356858e-08
-4.81933604e-08
2.24547243e-08
3.22490812e-09
-2.96182581e-08
5.43286092e-08
-7.04288681e-08
7.18249638e-08
-5.63591840e-08
2.40583340e-08
2.25037038e-08
-7.31656726e-08
1.07971275e-07
-1.05201764e-07
5.71263890e-08
1.93575804e-08
-9.01320476e-08
1.26223526e-07
-1.20980445e-07
8.76309230e-08
-4.51011211e-08
8.37562730e-09
1.36448808e-08
-2.02464605e-08
2.08730011e-08
-2.92072073e-08
5.04398265e-08
-7.41145314e-08
8.12832894e-08
-6.16761682e-08
2.62501114e-08
-6.31509067e-10
1.81150472e-09
-2.11950422e-08
3.28965513e-08
-1.79176425e-08
-2.04150545e-08
6.06384489e-08
-7.99146420e-08
7.15612174e-08
-5.12327993e-08
4.37234853e-08
-6.01024297e-08
8.91002827e-08
-1.11676286e-07
1.20061600e-07
-1.20474184e-07
1.20791540e-07
-1.19093919e-07
1.04872612e-07
-7.16163555e-08
2.73776060e-08
9.52424006e-09
-2.63426969e-08
2.68543197e-08
-2.64514046e-08
3.61817243e-08
-5.09979756e-08
5.42608660e-08
-3.46029836e-08
-2.07497020e-09
3.65041153e-08
-4.92140586e-08
3.07103818e-08
1.52750399e-08
-7.42154711e-08
1.28012033e-07
-1.62964909e-07
1.72688573e-07
-1.56857752e-07
1.20694551e-07
-7.38632693e-08
2.52420698e-08
2.16279670e-08
-6.60652546e-08
1.04979428e-07
-1.32772641e-07
1.45382813e-07
-1.42377530e-07
1.26237893e-07
-1.02007775e-07
7.74513182e-08
-6.10045987e-08
5.75583030e-08
-6.56596697e-08
7.86473322e-08
-8.86523921e-08
9.03177622e-08
-8.19024066e-08
6.44995026e-08
-4.13136583e-08
1.63763865e-08
8.43014991e-09
-3.51224791e-08
6.61744792e-08
-9.78253709e-08
1.17981351e-07
-1.14299588e-07
8.70205028e-08
-5.21697956e-08
2.87618036e-08
-2.32081536e-08
2.80338899e-08
-3.30572298e-08
3.39882433e-08
-3.24220366e-08
3.22558904e-08
-3.61756243e-08
4.34027676e-08
-5.08640774e-08
5.65825218e-08
-6.07912938e-08
6.43728555e-08
-6.81649652e-08
7.37104529e-08
-8.24993123e-08
9.29440489e-08
-9.92283447e-08
9.58894191e-08
-8.42247019e-08
7.20602031e-08
-6.62654642e-08
6.66062192e-08
-6.64972717e-08
5.86167062e-08
-4.16857944e-08
2.40206894e-08
-1.88484179e-08
3.36130590e-08
-6.33205062e-08
9.34143713e-08
-1.08321629e-07
9.97261296e-08
-7.02876690e-08
3.08992796e-08
5.08502396e-09
-2.57444253e-08
2.41462317e-08
-4.49850379e-09
-1.59917519e-08
1.86285369e-08
1.60984698e-11
-2.61891966e-08
4.50759892e-08
-5.46102221e-08
6.11217530e-08
-6.54696564e-08
5.89437406e-08
-3.38841062e-08
-5.42000667e-09
4.54948008e-08
-7.47594200e-08
8.82317082e-08
-8.44733705e-08
6.44816964e-08
-3.41632216e-08
3.75706710e-09
1.63139475e-08
-1.81366246e-08
-2.06605444e-09
3.98589250e-08
-7.96545692e-08
1.01002684e-07
-9.34734885e-08
6.63470701e-08
-4.00520541e-08
2.57998103e-08
-1.61935034e-08
-2.14351514e-09
3.01978709e-08
-5.44131780e-08
6.06616624e-08
-4.64103529e-08
1.94914076e-08
1.11932072e-08
-4.08166159e-08
6.55954082e-08
-7.93685189e-08
7.73862112e-08
-6.30849755e-08
4.78431872e-08
-4.23452526e-08
4.79860418e-08
-5.54418165e-08
5.06343270e-08
-2.44881981e-08
-1.91994616e-08
6.43425722e-08
-9.26199917e-08
9.50505168e-08
-7.62406387e-08
5.03331279e-08
-3.29803065e-08
3.27035465e-08
-4.47393873e-08
5.27167927e-08
-4.12606340e-08
1.16702195e-08
1.65491247e-08
-2.47375436e-08
1.55607562e-08
-1.06828164e-08
2.83165971e-08
-6.58733796e-08
1.03726848e-07
-1.23022218e-07
1.19762291e-07
-1.03564297e-07
8.47766444e-08
-6.48716920e-08
3.90418329e-08
-3.97012911e-09
-3.92495387e-08
8.56297646e-08
-1.24987579e-07
1.42452222e-07
-1.27104386e-07
8.38038332e-08
-3.42879716e-08
2.36547848e-09
3.47210993e-09
7.86906096e-09
-2.35110456e-08
3.82420033e-08
-5.33960893e-08
7.02322751e-08
-8.69626504e-08
9.77649890e-08
-9.27427095e-08
6.43515179e-08
-1.72562338e-08
-3.19345581e-08
6.72127527e-08
-8.34210141e-08
8.51554844e-08
-8.07036500e-08
7.82717464e-08
-8.37660039e-08
9.76457954e-08
-1.12311227e-07
1.14780775e-07
-9.59475628e-08
5.78628772e-08
-1.00620570e-08
-3.93390422e-08
8.55136690e-08
-1.23031072e-07
1.46466832e-07
-1.55264559e-07
1.53871724e-07
-1.46161909e-07
1.32220052e-07
-1.11711081e-07
8.87222811e-08
-7.07489036e-08
6.21049026e-08
-6.01571841e-08
5.96815752e-08
-5.98162799e-08
6.49706564e-08
-7.90543950e-08
9.98710732e-08
-1.19384495e-07
1.28668091e-07
-1.22448668e-07
1.01729064e-07
-7.51855964e-08
5.52689343e-08
-4.74988795e-08
4.46965807e-08
-3.63204791e-08
2.20530048e-08
-1.21773391e-08
1.59955285e-08
-3.30960894e-08
5.46893695e-08
-7.03571885e-08
7.36613686e-08
-6.47514327e-08
5.07238305e-08
-4.23991011e-08
4.65104755e-08
-5.91361200e-08
6.84076724e-08
-6.44326406e-08
4.58405403e-08
-1.81216677e-08
-1.11904921e-08
3.49460407e-08
-4.67054981e-08
4.24938555e-08
-2.46383767e-08
2.26875430e-09
1.59055240e-08
-2.94684384e-08
4.35839880e-08
-5.88087978e-08
6.80369823e-08
-6.44174349e-08
4.85404108e-08
-2.61634661e-08
1.40574619e-09
2.55200661e-08
-5.42684582e-08
7.94894817e-08
-9.10941580e-08
8.04424332e-08
-4.70313957e-08
-4.39842190e-10
4.83726055e-08
-8.33505709e-08
9.72567094e-08
-9.30270971e-08
8.37550758e-08
-7.87234313e-08
6.93610431e-08
-3.64056092e-08
-2.58705413e-08
9.78795356e-08
-1.49976302e-07
1.65580587e-07
-1.47800563e-07
1.08820593e-07
-5.83230531e-08
2.49500687e-09
4.93505965e-08
-8.23107840e-08
8.39899172e-08
-5.60717091e-08
1.70767667e-08
8.04093681e-09
-4.60250860e-09
-2.13879154e-08
4.76177711e-08
-5.06897813e-08
2.00240713e-08
3.76159193e-08
-1.03007714e-07
1.55040652e-07
-1.80966595e-07
1.79307378e-07
-1.54066697e-07
1.08202755e-07
-4.50446436e-08
-2.48967620e-08
8.32285494e-08
-1.13531080e-07
1.11628161e-07
-8.50226698e-08
4.45641746e-08
6.99448333e-10
-4.33688214e-08
7.77023743e-08
-1.00467830e-07
1.09991852e-07
-1.05166961e-07
8.70591705e-08
-6.10331057e-08
3.56675933e-08
-1.82434849e-08
1.03092717e-08
-6.94909152e-09
8.20556512e-10
1.10987699e-08
-2.36783819e-08
2.79295662e-08
-1.98929460e-08
3.88273058e-09
1.27848230e-08
-2.53996362e-08
3.16198019e-08
-2.89824467e-08
1.56920255e-08
6.11681683e-09
-2.95722362e-08
4.73704311e-08
-5.80474904e-08
6.68262388e-08
-7.78830653e-08
8.63347651e-08
-8.09065455e-08
5.51463906e-08
-1.49217314e-08
-2.36371633e-08
4.24103632e-08
-3.18084190e-08
-1.52195334e-09
3.79603478e-08
-5.96146918e-08
6.27036272e-08
-5.49819106e-08
4.34583995e-08
-2.78124048e-08
5.23310595e-09
2.16258016e-08
-4.37669669e-08
5.32453868e-08
-5.08852587e-08
4.60065763e-08
-4.86200591e-08
6.17438545e-08
-7.91690979e-08
8.87416931e-08
-7.96867639e-08
5.04961051e-08
-1.12422409e-08
-2.21121788e-08
3.68628292e-08
-3.06769188e-08
1.36845593e-08
-2.85479484e-09
9.60754853e-09
-3.01021963e-08
4.82421214e-08
-4.92412795e-08
3.09883887e-08
-3.76083165e-09
-1.95854017e-08
3.36602675e-08
-4.28458513e-08
5.43416299e-08
-6.84860311e-08
7.65024666e-08
-6.88186077e-08
4.55418423e-08
-1.79984116e-08
-8.30313318e-10
7.67392194e-09
-9.90445592e-09
1.50589763e-08
-2.24355219e-08
2.70220486e-08
-2.79966326e-08
2.86777748e-08
-2.90855571e-08
2.30592772e-08
-5.43525269e-09
-1.86487483e-08
3.49969653e-08
-3.33812373e-08
1.75612396e-08
-5.54593649e-10
-6.93759938e-09
1.57074542e-09
1.35423237e-08
-2.96367286e-08
3.56028984e-08
-2.62163997e-08
7.16716686e-09
1.06177671e-08
-2.11203961e-08
2.59157371e-08
-2.81997750e-08
2.75710423e-08
-2.13840643e-08
8.89099994e-09
7.53194129e-09
-2.44526355e-08
3.93277837e-08
-5.06717228e-08
5.81235042e-08
-6.31285673e-08
6.78930974e-08
-7.21248909e-08
7.14668218e-08
-6.02174381e-08
3.59328887e-08
-2.44538567e-09
-3.03251362e-08
5.04430808e-08
-5.03376114e-08
3.07811341e-08
5.09232156e-10
-3.33453904e-08
5.91846785e-08
-7.39167376e-08
7.82627723e-08
-7.46207007e-08
6.34291339e-08
-4.37011778e-08
1.65496186e-08
1.29938398e-08
-3.70131232e-08
4.76952025e-08
-4.19676134e-08
2.46513139e-08
-5.69762193e-09
-6.78092560e-09
1.09683924e-08
-1.05469207e-08
1.16417951e-08
-1.95304377e-08
3.44799638e-08
-4.93659797e-08
5.43085434e-08
-4.60739393e-08
3.15958886e-08
-2.06791508e-08
1.65855791e-08
-1.52195732e-08
1.15162555e-08
-3.61404395e-09
-8.16761148e-09
2.22759606e-08
-3.44582070e-08
3.82998948e-08
-3.04014378e-08
1.54452824e-08
-4.49088855e-09
6.11084960e-09
-1.77611685e-08
2.62793165e-08
-1.86628881e-08
-6.64939748e-09
3.91613071e-08
-6.58232011e-08
7.97087552e-08
-8.07526277e-08
7.18388478e-08
-5.62021434e-08
3.72463518e-08
-1.86789144e-08
4.00042843e-09
4.14483159e-09
-4.64555772e-09
-1.17211529e-09
9.43778211e-09
-1.59627085e-08
1.96636272e-08
-2.31817801e-08
2.91962152e-08
-3.68129811e-08
4.27541842e-08
-4.54617251e-08
4.64283367e-08
-4.75361830e-08
4.86746750e-08
-4.86745719e-08
4.75344066e-08
-4.64102108e-08
4.53357742e-08
-4.21381507e-08
3.46184272e-08
-2.33087949e-08
1.09405649e-08
4.81852280e-10
-1.04642952e-08
1.75311694e-08
-1.77931998e-08
8.04516276e-09
9.41871825e-09
-2.62382169e-08
3.34682753e-08
-2.83025479e-08
1.55722901e-08
-2.72745071e-09
-6.30027763e-09
1.22371722e-08
-1.69631580e-08
2.10017426e-08
-2.43477647e-08
2.70118008e-08
-2.71822671e-08
2.05615702e-08
-3.92983290e-09
-1.98733119e-08
4.10487289e-08
-4.81297384e-08
3.58436942e-08
-9.15646758e-09
-1.99335997e-08
4.02789020e-08
-4.78516284e-08
4.57841836e-08
-3.94809945e-08
3.24191127e-08
-2.58393946e-08
2.01634318e-08
-1.53525637e-08
1.07387441e-08
-5.65572877e-09
1.64252167e-10
5.18452481e-09
-9.84302861e-09
1.29119266e-08
-1.26031461e-08
7.11590520e-09
3.20598437e-09
-1.46919472e-08
2.20220979e-08
-2.19412399e-08
1.58205840e-08
-8.51900328e-09
4.43746373e-09
-4.23685442e-09
4.75160356e-09
-1.83924420e-09
-6.11961770e-09
1.67934022e-08
-2.56783022e-08
2.93506570e-08
-2.73220078e-08
2.14934861e-08
-1.44485739e-08
8.10932566e-09
-3.28742855e-09
-8.85181650e-11
2.40797582e-09
-3.80015752e-09
3.95870670e-09
-2.52426613e-09
-4.22209129e-10
4.27899582e-09
-8.24762658e-09
1.17273000e-08
-1.44780756e-08
1.64377969e-08
-1.74644708e-08
1.73509100e-08
-1.59676468e-08
1.33218965e-08
-9.75001324e-09
6.14177420e-09
-3.56609964e-09
2.41028486e-09
-2.02257766e-09
1.21093668e-09
9.78800263e-10
-4.63485872e-09
8.68928041e-09
-1.13601288e-08
1.12846488e-08
-8.36641956e-09
3.55760887e-09
1.89854199e-09
-6.80267576e-09
9.98723770e-09
-1.06714122e-08
9.00562824e-09
-5.92897020e-09
2.40625497e-09
9.61469016e-10
-3.72666475e-09
5.52124657e-09
-6.31233643e-09
6.40067110e-09
-6.05262551e-09
5.32590905e-09
-4.26850644e-09
3.07643178e-09
-1.98300909e-09
1.10310183e-09
-4.39068559e-10
-2.30385624e-11
2.71672435e-10
-3.01496633e-10
1.53573501e-10
9.29245569e-11
-3.91192384e-10
7.85224108e-10
-1.34723743e-09
2.05297490e-09
-2.79532175e-09
3.51213636e-09
-4.13454160e-09
4.33916592e-09
-3.57769259e-09
1.58882019e-09
1.24842148e-09
-4.30012692e-09
7.21005033e-09
-9.69835678e-09
1.10797469e-08
-1.05796278e-08
8.14113754e-09
-4.44945414e-09
1.98426497e-10
4.09639300e-09
-7.52883622e-09
8.81146978e-09
-7.36633909e-09
4.11722079e-09
-8.29296631e-10
-1.24197719e-09
2.02708228e-09
-2.41073117e-09
3.56612895e-09
-6.14177553e-09
9.75001324e-09
-1.33218965e-08
1.59676468e-08
-1.73509100e-08
1.74644708e-08
-1.64377969e-08
1.44780756e-08
-1.17273000e-08
8.24762658e-09
-4.27899582e-09
4.22209129e-10
2.52426613e-09
-3.95870670e-09
3.80015752e-09
-2.40797582e-09
8.85181650e-11
3.28742855e-09
-8.10932566e-09
1.44485739e-08
-2.14934861e-08
2.73220078e-08
-2.93506570e-08
2.56783022e-08
-1.67934040e-08
6.11967410e-09
1.83841253e-09
-4.74354289e-09
4.18461488e-09
-4.20859614e-09
7.83486609e-09
-1.44370702e-08
2.01558361e-08
-2.08655084e-08
1.48346366e-08
-3.21255422e-09
-1.06279270e-08
2.19506653e-08
-2.66430522e-08
2.38913866e-08
-1.67450906e-08
9.55217416e-09
-4.71666528e-09
1.54971025e-09
2.18561458e-09
-7.70990027e-09
1.43237520e-08
-2.09801065e-08
2.79327903e-08
-3.60642396e-08
4.47924791e-08
-5.12435001e-08
5.17873318e-08
-4.47293296e-08
3.20926361e-08
-1.89229787e-08
1.01550564e-08
-7.40603401e-09
8.55982396e-09
-1.01350537e-08
9.81699166e-09
-7.38732009e-09
4.19934088e-09
-2.01972261e-09
2.11546114e-09
-4.86465801e-09
9.49308454e-09
-1.41787293e-08
1.71136740e-08
-1.77084178e-08
1.64511036e-08
-1.35523592e-08
8.19325230e-09
2.81373203e-10
-1.02785025e-08
1.78825044e-08
-2.02124575e-08
1.93333900e-08
-2.15100844e-08
3.07540162e-08
-4.32908998e-08
5.03868094e-08
-4.72621338e-08
3.77836606e-08
-2.98146610e-08
2.72441856e-08
-2.72687117e-08
2.43708662e-08
-1.56505457e-08
2.43045295e-09
1.16586953e-08
-2.26807320e-08
2.72956697e-08
-2.41529428e-08
1.57183422e-08
-7.78095632e-09
5.62038416e-09
-9.94433602e-09
1.61130576e-08
-1.68963528e-08
7.13655046e-09
1.16895196e-08
-3.07707815e-08
4.00290503e-08
-3.64350150e-08
2.52664982e-08
-1.31262450e-08
2.60107758e-09
5.18317256e-09
-6.79462309e-09
-7.30518979e-10
1.46009702e-08
-2.70654681e-08
3.19743698e-08
-2.93769862e-08
2.36136284e-08
-1.77742319e-08
1.10044889e-08
-1.74114956e-09
-7.51333395e-09
1.03790265e-08
-1.74218029e-09
-1.76701516e-08
4.09831742e-08
-5.90111924e-08
6.62152218e-08
-6.47660627e-08
6.23116634e-08
-6.43747597e-08
6.90332413e-08
-7.00054912e-08
6.47826397e-08
-5.87083022e-08
6.03276504e-08
-7.19276088e-08
8.40669472e-08
-8.06105973e-08
5.18914618e-08
-5.11197973e-09
-3.80710965e-08
5.63567362e-08
-4.41262173e-08
1.37713370e-08
1.60813585e-08
-3.34349721e-08
3.60076129e-08
-2.75386256e-08
1.46977657e-08
-5.00157959e-09
3.76847575e-09
-1.17874590e-08
2.52021444e-08
-3.70651740e-08
4.06011722e-08
-3.29494867e-08
1.62206284e-08
3.92778654e-09
-1.94272634e-08
2.19586909e-08
-8.19499224e-09
-1.68954291e-08
4.45647110e-08
-6.98105183e-08
9.22270118e-08
-1.11046404e-07
1.23644242e-07
-1.29217227e-07
1.30485859e-07
-1.30646669e-07
1.29961421e-07
-1.25059429e-07
1.10559199e-07
-8.25598505e-08
4.28591029e-08
-7.82549081e-10
-2.98940286e-08
3.83876824e-08
-2.44654927e-08
-4.26234825e-10
2.07570174e-08
-2.64669513e-08
1.65520682e-08
2.73361911e-09
-2.11950031e-08
2.99668876e-08
-2.74729643e-08
1.94435099e-08
-1.18335128e-08
5.46878498e-09
1.64028147e-09
-9.64442748e-09
1.72681833e-08
-2.57830024e-08
3.87848260e-08
-5.60251650e-08
7.00842193e-08
-7.24487137e-08
6.18715603e-08
-4.49596627e-08
3.05190078e-08
-2.42355664e-08
2.52632884e-08
-2.65775331e-08
2.21679013e-08
-1.43140992e-08
9.48205425e-09
-7.54776863e-09
1.55636282e-09
1.05844826e-08
-2.06706705e-08
1.98853005e-08
-1.00337516e-08
2.00763806e-09
-5.29837463e-09
2.09028297e-08
-4.20549284e-08
5.97744503e-08
-6.95859512e-08
7.44173860e-08
-7.95711443e-08
8.53461017e-08
-8.82921185e-08
8.96648729e-08
-9.68195621e-08
1.13402685e-07
-1.32777316e-07
1.44877419e-07
-1.46287306e-07
1.40412766e-07
-1.30785352e-07
1.17061902e-07
-9.52823171e-08
6.09292456e-08
-1.55026623e-08
-2.82342345e-08
5.16281737e-08
-4.43553390e-08
1.29167521e-08
2.46709959e-08
-4.99189241e-08
5.06794322e-08
-2.42729357e-08
-2.01811048e-08
6.42972111e-08
-9.03612403e-08
9.06788884e-08
-6.77099550e-08
2.80927708e-08
2.05462900e-08
-6.81565737e-08
1.01842183e-07
-1.10581858e-07
9.29037896e-08
-6.12775679e-08
3.68525193e-08
-3.39540911e-08
4.61819205e-08
-5.11339557e-08
3.33072201e-08
-9.17333709e-10
-2.30978010e-08
2.42198333e-08
-5.94810334e-09
-2.11718429e-08
5.20718437e-08
-8.57718447e-08
1.16668645e-07
-1.32737327e-07
1.22901326e-07
-8.48897983e-08
2.67501221e-08
3.71638329e-08
-9.12340710e-08
1.22455731e-07
-1.24384314e-07
1.00781648e-07
-6.40064428e-08
2.63685251e-08
7.05499925e-09
-3.58388377e-08
5.72971857e-08
-6.60269848e-08
5.92687854e-08
-3.94449522e-08
1.20753842e-08
1.61002429e-08
-3.80762266e-08
4.94488361e-08
-5.12725720e-08
4.82428142e-08
-4.31607319e-08
3.37425483e-08
-1.57969300e-08
-9.29074062e-09
2.98863014e-08
-2.87817521e-08
-3.65987329e-09
5.74341179e-08
-1.04130073e-07
1.15319054e-07
-8.48183035e-08
3.33096288e-08
1.00715969e-08
-2.98483371e-08
2.89808408e-08
-1.78234476e-08
3.85097376e-09
1.02181694e-08
-2.46629348e-08
4.01382572e-08
-5.38822178e-08
5.93103948e-08
-5.15196206e-08
3.22735367e-08
-1.01067323e-08
-2.20315322e-09
-6.06860295e-09
3.33664225e-08
-6.31853325e-08
7.68288047e-08
-6.82562984e-08
4.42477379e-08
-1.38656393e-08
-1.79835808e-08
4.89692056e-08
-7.59341674e-08
9.41971265e-08
-9.92994131e-08
8.88854856e-08
-6.38972608e-08
3.05066372e-08
-9.99928806e-10
-1.21508252e-08
7.75818609e-09
-3.48539086e-10
8.75600037e-09
-3.84786034e-08
7.72140893e-08
-1.08776064e-07
1.27723339e-07
-1.36995112e-07
1.36044562e-07
-1.19744399e-07
8.86696583e-08
-5.28679180e-08
2.35673863e-08
-5.85740345e-09
8.92758922e-11
-5.52331825e-09
2.03472972e-08
-4.03746512e-08
5.99749796e-08
-7.50709006e-08
8.49922728e-08
-8.98808210e-08
8.59251088e-08
-6.63697861e-08
3.02364569e-08
1.18104637e-08
-4.41138042e-08
5.91134288e-08
-6.25291250e-08
6.62260931e-08
-7.68480390e-08
8.95061305e-08
-9.06296833e-08
6.86710209e-08
-2.52491681e-08
-2.28490808e-08
5.33001945e-08
-5.23866319e-08
2.39484059e-08
1.28070061e-08
-3.60881707e-08
3.58258134e-08
-1.74679258e-08
-6.03130168e-09
2.33614035e-08
-2.85797928e-08
2.24807355e-08
-1.25296751e-08
7.99326028e-09
-1.24697959e-08
2.07106101e-08
-2.24422116e-08
1.08219140e-08
9.76090764e-09
-2.42496778e-08
1.85617992e-08
7.54232676e-09
-3.95406552e-08
5.95942247e-08
-5.85010689e-08
3.85138748e-08
-8.01354894e-09
-2.46814107e-08
5.35460174e-08
-7.42075699e-08
8.33809537e-08
-7.88980259e-08
6.02997901e-08
-3.12667723e-08
1.87357152e-09
1.54650319e-08
-1.60466236e-08
7.44720641e-09
-1.08501186e-09
6.69091005e-10
-1.79654935e-09
7.59708074e-10
6.49072462e-10
1.49011825e-09
-9.36253386e-09
2.42082923e-08
-4.76054467e-08
7.81301566e-08
-1.06537783e-07
1.17846142e-07
-1.02231816e-07
6.55629577e-08
-2.82712360e-08
1.06734230e-08
-1.55082773e-08
2.43550531e-08
-1.45574424e-08
-1.92386338e-08
6.27721874e-08
-9.93703253e-08
1.23075864e-07
-1.35496435e-07
1.38858411e-07
-1.35912558e-07
1.30248495e-07
-1.21393924e-07
1.02397500e-07
-6.70495268e-08
1.97869632e-08
2.40896618e-08
-4.90147762e-08
4.94582544e-08
-3.08740766e-08
3.44529960e-09
2.38003111e-08
-4.43775363e-08
5.25693729e-08
-4.33603375e-08
1.70312049e-08
1.71306755e-08
-4.61955914e-08
6.38852669e-08
-7.21132452e-08
7.20693691e-08
-5.95236855e-08
3.23626885e-08
9.65549196e-10
-2.42643097e-08
2.37962503e-08
3.68018171e-09
-4.76866617e-08
8.69956409e-08
-1.01790469e-07
8.90567335e-08
-6.61505837e-08
5.60690125e-08
-6.74425635e-08
8.95642742e-08
-1.06550104e-07
1.12499819e-07
-1.11135293e-07
1.05984959e-07
-9.58001323e-08
7.67511068e-08
-4.58772860e-08
5.47219425e-09
3.38791750e-08
-5.89434279e-08
6.54696422e-08
-6.11217530e-08
5.46102221e-08
-4.50759892e-08
2.61891966e-08
-1.60984698e-11
-1.86285369e-08
1.59917519e-08
4.49850379e-09
-2.41462317e-08
2.57444253e-08
-5.08501241e-09
-3.08995709e-08
7.02921312e-08
-9.97711709e-08
1.08632030e-07
-9.49093888e-08
6.84968384e-08
-4.68424020e-08
4.43349322e-08
-6.15787457e-08
8.43858956e-08
-9.61748370e-08
9.19838854e-08
-7.98356510e-08
7.14418462e-08
-7.35552277e-08
8.45348183e-08
-9.59299982e-08
9.91877585e-08
-9.26339325e-08
8.10042877e-08
-6.85340851e-08
5.49355974e-08
-3.88863626e-08
2.32333299e-08
-1.38826035e-08
1.33061793e-08
-1.79163671e-08
2.29463453e-08
-2.70795741e-08
3.09267385e-08
-3.36733841e-08
3.29671401e-08
-2.77190306e-08
2.17128449e-08
-2.35854607e-08
3.89404491e-08
-6.15339886e-08
7.67415500e-08
-7.52813065e-08
6.02673254e-08
-4.06879721e-08
2.18931344e-08
-3.25381766e-09
-1.78714057e-08
4.16240589e-08
-6.45445368e-08
8.19065562e-08
-9.03130939e-08
8.85997409e-08
-7.82576919e-08
6.35956141e-08
-4.94887438e-08
3.70558588e-08
-2.22050520e-08
1.00905462e-09
2.25100045e-08
-3.68225024e-08
3.39958532e-08
-1.88094624e-08
4.29778302e-09
2.97406599e-10
4.82755169e-09
-1.37823015e-08
2.05074429e-08
-2.11838742e-08
1.44990224e-08
-8.04909583e-10
-1.89415381e-08
4.19819912e-08
-6.09454887e-08
6.46360405e-08
-4.48389663e-08
4.52866367e-09
4.02482172e-08
-6.91351261e-08
7.19169790e-08
-5.58565745e-08
3.80378502e-08
-2.99661593e-08
2.97270777e-08
-2.83823596e-08
2.17268674e-08
-1.36637510e-08
9.11438658e-09
-7.59676499e-09
5.35529976e-09
-3.15149323e-10
-8.17318480e-09
2.16475051e-08
-3.91696950e-08
5.17730214e-08
-4.68764689e-08
2.23324168e-08
7.49316165e-09
-2.32814088e-08
1.67308443e-08
5.05242426e-09
-2.65629243e-08
3.43254101e-08
-2.55216221e-08
9.97157468e-09
-2.19419283e-09
8.86787266e-09
-2.32260504e-08
3.19991180e-08
-2.79115078e-08
1.56466822e-08
-6.66237776e-09
8.86263685e-09
-2.07566551e-08
3.47099487e-08
-4.49232438e-08
5.19774623e-08
-6.13303044e-08
7.89176084e-08
-1.06010248e-07
1.35004399e-07
-1.51403412e-07
1.44643892e-07
-1.18917747e-07
9.06560089e-08
-7.29773859e-08
6.39222009e-08
-5.12832230e-08
2.62882605e-08
1.03203739e-08
-5.22288879e-08
9.07165969e-08
-1.14020764e-07
1.11578046e-07
-8.39917504e-08
4.63751988e-08
-1.88527647e-08
1.30866713e-08
-2.59680668e-08
4.41165930e-08
-5.54621131e-08
5.79699702e-08
-5.68300287e-08
5.41938405e-08
-4.46313742e-08
2.14309228e-08
1.47004560e-08
-5.44200844e-08
8.65332197e-08
-1.05436101e-07
1.11936252e-07
-1.07115319e-07
8.68049597e-08
-4.48021176e-08
-1.61750400e-08
7.73436923e-08
-1.11761210e-07
1.04070608e-07
-6.41232845e-08
1.97214405e-08
5.58465985e-09
-7.48284901e-09
-4.96976460e-09
2.44000518e-08
-4.86115859e-08
7.21343056e-08
-8.36747205e-08
7.56777325e-08
-5.19522096e-08
2.22458585e-08
8.48440607e-09
-4.16716475e-08
7.64881349e-08
-1.03952026e-07
1.11929168e-07
-9.40420648e-08
5.38695062e-08
-4.96568386e-09
-3.27765086e-08
4.34351790e-08
-2.66743747e-08
-1.63933878e-09
2.15677680e-08
-2.26118839e-08
8.01757061e-09
1.19095942e-08
-3.03186170e-08
4.72806150e-08
-6.45318181e-08
8.14158270e-08
-9.64552811e-08
1.07734394e-07
-1.10667273e-07
1.00319390e-07
-7.72252662e-08
4.77750994e-08
-1.95064942e-08
-1.05423781e-09
8.51623305e-09
-2.60224287e-09
-7.09090475e-09
5.65104941e-09
1.33419773e-08
-4.05433340e-08
6.14993567e-08
-7.26729823e-08
8.16869061e-08
-9.28698327e-08
9.86583331e-08
-8.67154384e-08
5.24176187e-08
-4.01406686e-09
-4.14720063e-08
6.64419204e-08
-6.03342443e-08
2.42738842e-08
2.93922060e-08
-8.38241618e-08
1.26638639e-07
-1.53493929e-07
1.64577159e-07
-1.60609687e-07
1.43125206e-07
-1.16056228e-07
8.51830961e-08
-5.63922065e-08
3.36216459e-08
-1.64883147e-08
9.77467551e-10
1.42722385e-08
-2.30030839e-08
1.72167347e-08
1.08116482e-09
-1.89183851e-08
2.59177479e-08
-2.49797054e-08
2.56267185e-08
-2.96787039e-08
2.95793754e-08
-2.11883471e-08
1.16534418e-08
-1.07365263e-08
1.90262472e-08
-2.97780360e-08
3.92978414e-08
-4.99340231e-08
6.35202255e-08
-7.60668613e-08
7.96101531e-08
-6.73799150e-08
3.79050782e-08
2.78887269e-09
-4.23449293e-08
6.81154688e-08
-7.44514068e-08
6.51122605e-08
-4.99493069e-08
3.94344859e-08
-3.87585715e-08
4.30111875e-08
-3.90160153e-08
1.64260694e-08
2.12678444e-08
-5.84316027e-08
8.03229199e-08
-8.30259381e-08
7.13640702e-08
-5.10524778e-08
2.58024926e-08
-3.69376640e-10
-1.81078743e-08
2.44077203e-08
-2.05056949e-08
1.59723079e-08
-2.25731522e-08
4.63889123e-08
-8.32422131e-08
1.21615173e-07
-1.49814397e-07
1.60241342e-07
-1.49795156e-07
1.20779148e-07
-8.24679631e-08
4.87881415e-08
-3.10765778e-08
3.12165014e-08
-4.12893684e-08
5.04406685e-08
-5.33059605e-08
5.31231308e-08
-5.76049040e-08
7.16606721e-08
-9.27844042e-08
1.12184026e-07
-1.20487286e-07
1.13512435e-07
-9.38813471e-08
6.88006878e-08
-4.71553356e-08
3.64947041e-08
-3.91669950e-08
5.01351742e-08
-5.94204899e-08
5.73360381e-08
-3.83963616e-08
2.54169841e-09
4.51801085e-08
-9.55216564e-08
1.36966918e-07
-1.59751508e-07
1.60621113e-07
-1.43962779e-07
1.18230815e-07
-9.23364709e-08
7.36779668e-08
-6.43555822e-08
5.81283359e-08
-4.54904168e-08
2.32383002e-08
3.42053630e-09
-2.71616223e-08
4.34789591e-08
-5.04946627e-08
4.75941420e-08
-3.48695579e-08
1.30165061e-08
1.54682187e-08
-4.47432704e-08
6.73954972e-08
-7.96040496e-08
8.41712762e-08
-8.77128770e-08
9.49496197e-08
-1.04800826e-07
1.10184502e-07
-1.02250191e-07
7.77525457e-08
-4.31959180e-08
1.02878150e-08
1.29777167e-08
-2.63565916e-08
3.43008644e-08
-4.09337204e-08
4.71688821e-08
-5.07755367e-08
4.91253118e-08
-4.23365663e-08
3.30318315e-08
-2.30747936e-08
1.24250485e-08
-1.76793491e-09
-6.07008044e-09
9.24017840e-09
-1.03510214e-08
1.47708210e-08
-2.52243755e-08
3.95105921e-08
-5.37855556e-08
6.58536194e-08
-7.40012780e-08
7.52000915e-08
-6.73166767e-08
5.23287511e-08
-3.55579282e-08
2.20853238e-08
-1.44931986e-08
1.29112978e-08
-1.59220654e-08
2.13266933e-08
-2.66508131e-08
2.98496659e-08
-3.02220329e-08
2.82772525e-08
-2.42629845e-08
1.76751840e-08
-9.14255960e-09
1.84560933e-09
7.83279608e-10
1.14164966e-09
-3.97045508e-09
4.28057723e-09
-6.42183140e-10
-8.27196711e-09
2.38329321e-08
-4.34881215e-08
5.88892810e-08
-6.13334592e-08
4.93459815e-08
-2.91487900e-08
7.73616282e-09
1.22746560e-08
-3.02646619e-08
4.26920934e-08
-4.33530403e-08
2.89111668e-08
-3.25248273e-09
-2.38950602e-08
4.25515232e-08
-4.77162700e-08
4.12683541e-08
-3.00591054e-08
2.11815507e-08
-1.74814172e-08
1.72483379e-08
-1.79306809e-08
1.90684464e-08
-2.14901927e-08
2.48011371e-08
-2.62686228e-08
2.22831780e-08
-1.15081891e-08
-3.39119577e-09
1.79819253e-08
-2.97131919e-08
3.82092082e-08
-4.27676525e-08
4.16218739e-08
-3.35229267e-08
1.84494038e-08
2.74064571e-09
-2.73938650e-08
4.98084809e-08
-6.28336423e-08
6.21307663e-08
-4.93691772e-08
3.15164925e-08
-1.65239964e-08
8.38590886e-09
-5.38433120e-09
2.86280843e-09
2.16330021e-09
-8.51271764e-09
1.20249180e-08
-8.96804497e-09
-1.01004238e-09
1.43135619e-08
-2.54877293e-08
3.05334211e-08
-2.88990485e-08
2.25272210e-08
-1.34552636e-08
3.16076854e-09
5.94739680e-09
-1.02352047e-08
7.73124853e-09
-1.10470000e-09
-3.47959683e-09
1.13822896e-09
7.74780684e-09
-1.75994490e-08
2.14770104e-08
-1.58957505e-08
3.04054049e-09
1.14304290e-08
-2.27922552e-08
2.96826794e-08
-3.31906591e-08
3.48336258e-08
-3.55468863e-08
3.57168730e-08
-3.54621257e-08
3.46784397e-08
-3.27980274e-08
2.87393220e-08
-2.16074056e-08
1.17458629e-08
-9.62463664e-10
-8.35855651e-09
1.42395091e-08
-1.55405324e-08
1.22672645e-08
-5.91252780e-09
-8.25304936e-10
5.25236565e-09
-6.08368111e-09
3.90632060e-09
-2.78309847e-10
-3.59967323e-09
7.26449967e-09
-1.03794449e-08
1.23152342e-08
-1.24683339e-08
1.07416946e-08
-7.70922881e-09
4.47411397e-09
-2.16291918e-09
1.15412291e-09
-7.42191919e-10
-2.44365472e-10
2.39851272e-09
-5.21162091e-09
7.41362749e-09
-7.85318655e-09
6.32682307e-09
-3.78705467e-09
1.72835379e-09
-1.13552168e-09
1.15100962e-09
1.20792203e-08
-1.88462579e-07
1.68670681e-06
-1.05095260e-05
4.68510771e-05
-1.51852713e-04
3.61518905e-04
-6.32504467e-04
7.82409101e-04
-6.49076421e-04
0.00000000e+00
0.00000000e+00
