0.00000000e+00
0.00000000e+00
5.72721357e-04
-4.45548445e-04
1.59090690e-04
-2.20930033e-05
1.30456294e-06
-2.76475181e-08
-5.33089906e-10
1.24378496e-09
-1.84021209e-09
1.67968595e-09
-5.74901404e-10
-6.35636155e-10
6.30078212e-10
8.22080293e-10
-2.65269051e-09
3.79339982e-09
-3.49185103e-09
1.86567384e-09
-1.90384458e-10
-8.71702432e-10
1.43235324e-09
-1.51299440e-09
1.68377867e-09
-2.40046116e-09
3.29944561e-09
-4.12465972e-09
4.79768580e-09
-4.91733321e-09
3.85989418e-09
-1.51259072e-09
-1.16900389e-09
3.37200223e-09
-5.14652898e-09
5.84057425e-09
-4.56606619e-09
1.74662951e-09
1.98876626e-09
-5.84299853e-09
8.63049721e-09
-1.09717426e-08
1.36577869e-08
-1.30009283e-08
5.48445866e-09
4.21722124e-09
-8.50882387e-09
5.26132293e-09
2.04050354e-09
-7.95908939e-09
1.16908492e-08
-1.56247175e-08
1.70499987e-08
-1.30854101e-08
6.10776985e-09
1.62415126e-09
-7.34629779e-09
7.82085152e-09
-4.82557105e-09
2.09384998e-09
-1.15767906e-09
2.70260503e-09
-5.69706904e-09
6.38910214e-09
-2.46574738e-09
-3.07529890e-09
5.57985125e-09
-5.10288078e-09
5.29286437e-09
-6.20397334e-09
5.86281157e-09
-5.85957771e-09
6.09645312e-09
-4.14325951e-09
6.70999256e-10
2.43745468e-09
-3.65253428e-09
2.73899725e-09
-5.06089393e-10
-2.33395947e-09
2.46573850e-09
1.76320114e-09
-5.27748600e-09
3.58704355e-09
2.11164775e-09
-6.30744967e-09
2.42127096e-09
6.02935568e-09
-7.58883001e-09
1.11725806e-09
6.78766909e-09
-1.29479778e-08
1.70079648e-08
-2.10420765e-08
2.42030662e-08
-2.31714967e-08
2.18844640e-08
-2.23404228e-08
1.69659131e-08
-5.95657834e-09
-1.41800649e-09
4.07615364e-09
-6.00832406e-09
9.75139791e-09
-1.80217388e-08
2.72929306e-08
-2.70342291e-08
1.30013280e-08
2.68401945e-09
-5.56852697e-09
7.46992468e-10
-1.51986285e-10
6.80707046e-10
1.98874983e-09
-1.18839449e-09
-5.55074831e-09
1.06600861e-08
-9.52502432e-09
8.52254800e-09
-1.46133443e-08
2.10776392e-08
-1.56271280e-08
6.24091001e-10
1.04321316e-08
-1.29690161e-08
9.65602975e-09
-1.49725565e-09
-4.72611328e-09
3.89827193e-09
-3.72851172e-09
5.86118665e-09
-3.31944139e-09
1.01861630e-09
-5.39390310e-09
1.01248929e-08
-1.05485167e-08
9.16124421e-09
-8.25740365e-09
1.00214077e-08
-1.21508368e-08
9.77725190e-09
-6.12472117e-09
4.42376935e-09
-2.23613261e-09
1.62172986e-09
-6.60657440e-09
1.44080010e-08
-1.87978166e-08
1.82965891e-08
-1.47556296e-08
6.97843916e-09
3.60565400e-09
-7.41825579e-09
2.58216915e-09
-6.22511265e-10
2.53527910e-09
6.56446786e-10
-8.68425953e-09
1.64646856e-08
-1.72019945e-08
8.21215451e-09
-1.67024927e-09
6.53381127e-09
-1.42883705e-08
1.84389073e-08
-2.37050894e-08
2.89292323e-08
-2.51425014e-08
1.49335122e-08
-1.00408171e-08
8.23476753e-09
2.54010635e-09
-2.25958843e-08
4.09668743e-08
-4.36508891e-08
2.65717919e-08
-3.08177195e-09
-1.61235221e-08
2.49258143e-08
-1.65988912e-08
2.89098656e-09
-3.23052518e-09
1.43546499e-08
-1.61623159e-08
4.29766001e-09
7.59927676e-10
1.15186545e-08
-2.39136355e-08
2.48061482e-08
-2.48578989e-08
2.99284402e-08
-2.98637701e-08
1.84324378e-08
-2.44472775e-09
-8.10057266e-09
1.12308562e-08
-1.04806137e-08
1.52632862e-09
1.34330360e-08
-1.84647710e-08
1.33101636e-08
-7.89361110e-09
6.57745414e-09
-1.70774648e-08
3.61695953e-08
-4.12369019e-08
2.20348344e-08
-1.55220725e-10
-4.05189970e-09
1.33553613e-09
-6.80705048e-09
1.31969582e-08
-7.19186755e-09
-1.29059448e-08
3.62827812e-08
-4.67375116e-08
4.18577599e-08
-3.29875576e-08
2.26104291e-08
-8.78610429e-09
-1.19975496e-09
2.26042252e-09
-1.18357013e-09
1.68804704e-09
3.46979334e-09
-1.54217847e-08
2.49905021e-08
-2.37099442e-08
1.37014489e-08
5.40043343e-10
-2.39233611e-08
4.48651782e-08
-3.75859699e-08
9.28411037e-09
7.28242577e-09
-5.81106496e-09
9.18387677e-09
-2.35482442e-08
2.88839352e-08
-1.62269806e-08
5.30323119e-10
6.30260910e-09
-1.03900799e-08
1.67896772e-08
-1.89692297e-08
1.46844883e-08
-8.49185255e-09
4.08750633e-09
-4.74071538e-09
3.20142357e-09
1.03092130e-08
-2.59282800e-08
2.51554351e-08
-3.03329029e-09
-2.06443058e-08
2.08803925e-08
-4.54667770e-09
-4.32352243e-09
3.26283844e-09
-7.35354178e-09
2.17599272e-08
-3.20853104e-08
2.99381178e-08
-2.73543890e-08
2.36193980e-08
-6.33167740e-09
-1.28412934e-08
1.80088300e-08
-1.50434598e-08
1.17999885e-08
-3.69619824e-09
-1.29123876e-08
2.63616027e-08
-2.06766551e-08
-3.10765591e-09
2.53656420e-08
-2.80140906e-08
1.79958839e-08
-1.69869505e-08
2.41109444e-08
-2.10647553e-08
9.03839315e-09
-1.64275116e-09
4.17145457e-10
-2.55792787e-09
4.70516648e-09
7.76078535e-10
-1.13278800e-08
1.42220955e-08
-6.08270323e-09
-6.83292001e-09
2.14850697e-08
-3.49957041e-08
3.75439200e-08
-2.44213592e-08
7.98417510e-09
-5.40050393e-10
-2.14074691e-09
1.41637457e-09
6.36081676e-09
-1.30676341e-08
1.89239948e-08
-2.79979204e-08
2.39201157e-08
-1.91759630e-09
-1.89498408e-08
2.62031641e-08
-1.19196715e-08
-2.35093918e-08
5.53942776e-08
-6.32684802e-08
5.50708918e-08
-4.84578777e-08
4.37689494e-08
-2.71603433e-08
3.72851394e-09
1.18646497e-08
-2.23193801e-08
2.52394514e-08
-1.35720510e-08
-1.72359427e-09
5.87248428e-09
8.79583240e-10
-2.58699595e-09
-5.87250781e-09
9.95999017e-09
-8.21053980e-09
4.52729898e-09
7.63488117e-09
-2.07833804e-08
2.32863240e-08
-2.01592911e-08
1.88916687e-08
-2.20090008e-08
2.17340954e-08
-5.64613378e-09
-1.69513399e-08
2.47220395e-08
-1.38566207e-08
1.02510000e-09
-5.52982271e-10
5.23543298e-09
-1.33068951e-08
3.19948228e-08
-4.22005542e-08
2.98411180e-08
-1.63951821e-08
1.13602310e-08
6.96226987e-09
-4.39112142e-08
6.86818069e-08
-5.74833123e-08
2.39654252e-08
4.21677271e-09
-8.38186498e-09
-1.08040155e-08
3.12090478e-08
-3.77638862e-08
2.85508825e-08
-4.75683759e-09
-1.42285614e-08
1.14054455e-08
-1.03476827e-09
3.24345972e-09
-1.65989089e-08
2.46121665e-08
-1.95675138e-08
1.23562414e-08
-1.64792606e-08
3.14676996e-08
-4.01761966e-08
2.87998319e-08
-1.01216413e-08
3.46981244e-09
-3.59919738e-09
-5.41004397e-09
2.29144170e-08
-3.26965726e-08
2.80949219e-08
-2.19507452e-08
1.72617813e-08
-1.58429714e-10
-2.76615886e-08
5.22025871e-08
-6.27866967e-08
4.10719991e-08
1.19681403e-08
-5.62641738e-08
6.46072849e-08
-4.76559308e-08
2.67141189e-08
-1.22495036e-08
-2.69695266e-09
1.72941323e-08
-1.38695935e-08
-2.08575068e-09
4.21032809e-09
1.13084919e-08
-3.17167306e-08
4.65175987e-08
-3.74436482e-08
1.02181730e-09
2.75452088e-08
-1.66700538e-08
-1.72229981e-08
3.32430190e-08
-2.01268673e-08
-5.16759746e-09
3.19269517e-08
-4.82347886e-08
3.58591805e-08
-2.59995403e-09
-1.19390480e-08
-1.15962617e-08
4.19095514e-08
-4.78240985e-08
3.94486399e-08
-3.36666659e-08
3.29358478e-08
-4.23428510e-08
5.09801872e-08
-3.41355246e-08
1.02510000e-09
1.97097503e-08
-2.05214334e-08
7.47645146e-09
4.85385954e-09
1.45198253e-09
-2.37164137e-08
3.75083857e-08
-2.36484929e-08
-5.08669240e-09
2.41141649e-08
-3.08986152e-08
2.57342787e-08
-2.84246471e-09
-2.93431270e-08
5.25485504e-08
-6.08851920e-08
6.48207106e-08
-6.28351842e-08
4.30833715e-08
-1.77565589e-08
5.46826362e-09
3.19172022e-09
-2.15335785e-08
4.01050677e-08
-4.96608479e-08
5.23642854e-08
-5.01653297e-08
4.48199380e-08
-3.41000401e-08
1.91988772e-08
-1.11468053e-08
1.21330910e-08
-1.79668032e-08
2.76454539e-08
-3.36860921e-08
3.22438147e-08
-2.95759843e-08
2.46865532e-08
-1.32455025e-08
1.80444948e-09
3.11088644e-09
-6.59686838e-09
1.59133187e-08
-3.27450564e-08
5.19535845e-08
-5.65487319e-08
3.34920180e-08
-1.70093273e-09
-6.85234625e-09
-6.43197007e-09
1.41671332e-08
-1.14798464e-08
1.22171313e-08
-1.14830883e-08
5.40037615e-09
-7.59929719e-09
1.63336686e-08
-1.85391027e-08
1.71227281e-08
-1.90500486e-08
2.12328359e-08
-2.15141736e-08
2.15497451e-08
-2.23258603e-08
2.88968689e-08
-3.97978610e-08
3.93289525e-08
-2.47738168e-08
1.50176014e-08
-1.74364629e-08
2.13395772e-08
-2.42402347e-08
2.73705236e-08
-1.88592821e-08
-1.53278990e-09
9.53634327e-09
2.86834489e-09
-1.98682155e-08
3.68777897e-08
-4.95638481e-08
4.37172112e-08
-2.44504417e-08
7.12395831e-09
6.58071286e-09
-1.89983567e-08
2.35838051e-08
-7.08514358e-09
-2.22806005e-08
2.76421623e-08
-7.34073691e-10
-2.23064713e-08
2.21351169e-08
-1.35106930e-08
1.25502435e-08
-2.41497027e-08
3.55325334e-08
-2.30987531e-08
-7.08514136e-09
2.44116229e-08
-2.71991354e-08
3.30716787e-08
-3.76571592e-08
2.76777694e-08
-8.41103098e-09
-4.79889906e-09
1.08881011e-08
-1.62496629e-08
1.26019497e-08
7.63490515e-09
-3.53708458e-08
5.43142420e-08
-4.63042440e-08
1.47330308e-08
6.40932019e-09
2.74868261e-09
-1.96386054e-08
1.23044428e-08
1.36496734e-08
-3.16099573e-08
3.21112026e-08
-1.87331430e-08
2.91685165e-09
4.67598005e-09
-1.03576934e-08
2.39815314e-08
-3.68130877e-08
3.46205979e-08
-1.93313863e-08
5.92745408e-09
-5.17721110e-09
1.27345059e-08
-2.29273240e-08
3.01644683e-08
-2.16014868e-08
-4.43992842e-09
3.26641647e-08
-4.55927562e-08
4.05222345e-08
-2.76454184e-08
1.11047527e-08
2.04371031e-09
-1.16391563e-10
-1.37305403e-08
3.06948067e-08
-3.42648754e-08
5.58146729e-09
2.93495752e-08
-2.69307456e-08
-2.10192042e-09
1.77985964e-08
-6.13119289e-09
-2.20510383e-08
4.80666174e-08
-5.58696556e-08
4.25465814e-08
-2.55176182e-08
2.39654252e-08
-2.77650898e-08
1.82222344e-08
-2.38973774e-09
-9.60101953e-09
2.50745558e-08
-4.74780606e-08
6.51279279e-08
-6.16904217e-08
3.12995319e-08
5.91454619e-09
-2.02982946e-08
7.75133202e-09
9.25175936e-09
-1.08039515e-08
6.97841607e-09
-1.57451581e-08
2.49807748e-08
-2.52523886e-08
3.32947607e-08
-4.65790748e-08
3.77347575e-08
-3.44397710e-09
-2.48061660e-08
3.02356682e-08
-3.07724513e-08
3.10505328e-08
-2.37454785e-08
1.98358645e-08
-2.16014868e-08
2.55660986e-08
-3.98690254e-08
5.36577502e-08
-4.32418013e-08
1.65180154e-08
3.94543065e-10
-9.07717457e-09
2.78782366e-08
-4.97998869e-08
5.57014879e-08
-5.09478753e-08
4.83220859e-08
-4.79987108e-08
4.71967248e-08
-4.01212361e-08
2.45183482e-08
-1.28347750e-08
1.55090714e-08
-2.27462120e-08
2.17437588e-08
-1.62205360e-08
1.40798218e-08
-1.86717486e-08
3.22696820e-08
-4.54343123e-08
4.69347654e-08
-4.54375382e-08
4.12563104e-08
-1.99264587e-08
2.58725485e-10
-1.01022648e-08
2.70245231e-08
-2.00007744e-08
1.55215707e-09
6.73917810e-09
-3.11086512e-09
-8.56948645e-09
2.21933245e-08
-2.89842070e-08
2.94433775e-08
-2.60414730e-08
1.39148639e-08
-1.55218061e-09
5.92745408e-09
-2.29305481e-08
3.26803331e-08
-2.75936394e-08
1.73587829e-08
-6.34784447e-09
-6.13767792e-09
1.54121196e-08
-2.19831300e-08
2.44019596e-08
-1.19940138e-08
-8.40775982e-09
1.28476882e-08
-3.49889007e-09
6.20232310e-09
-2.29402488e-08
3.26706306e-08
-2.73187695e-08
1.53797330e-08
-6.38666142e-09
1.46165746e-09
4.74717154e-09
-1.54929758e-08
3.02971124e-08
-4.19547774e-08
3.92772108e-08
-2.09967617e-08
-1.72361792e-09
1.98261798e-08
-3.66579158e-08
4.71320725e-08
-3.40611841e-08
1.12922507e-08
-1.49043586e-08
4.04834140e-08
-4.17672190e-08
-8.44022963e-10
5.04854469e-08
-7.12300334e-08
6.67060291e-08
-5.19438963e-08
3.53352867e-08
-2.20186642e-08
5.61378011e-09
2.26460628e-08
-4.62783731e-08
4.55410536e-08
-2.53720742e-08
-3.27903171e-09
2.44375169e-08
-1.86167508e-08
-8.34633340e-09
3.06916306e-08
-3.50701512e-08
2.18763940e-08
7.41499662e-09
-4.22716866e-08
6.54513030e-08
-7.03925167e-08
6.28740011e-08
-5.40425589e-08
4.53825386e-08
-2.35837909e-08
-1.27345556e-08
4.50818476e-08
-5.55786173e-08
4.29799165e-08
-2.83277757e-08
1.89821900e-08
9.15164833e-10
-2.11552766e-08
2.83697936e-08
-3.55681422e-08
4.18675015e-08
-4.00080786e-08
3.29519949e-08
-1.89562837e-08
4.68571448e-09
1.90816252e-10
3.20106608e-10
-3.56358987e-09
7.61228147e-09
-1.03160613e-09
-1.49787223e-08
2.00718926e-08
-9.16443632e-09
-2.23454077e-09
6.40607833e-09
-8.65355076e-09
1.30320599e-08
-1.55543702e-08
1.07716529e-08
3.03937042e-10
-1.36399461e-08
2.31439650e-08
-2.06669295e-08
1.29221105e-08
-1.98617478e-08
3.75762568e-08
-4.05384029e-08
2.51910190e-08
-4.87009100e-09
-1.60879008e-08
3.21241131e-08
-2.80754460e-08
-3.78956137e-14
2.80884560e-08
-3.25510285e-08
2.06184225e-08
-1.29673250e-08
1.47135548e-08
-1.53538622e-08
7.26625426e-09
8.35281178e-09
-2.39524649e-08
2.69921880e-08
-1.61008984e-08
7.27921456e-09
-8.83139517e-09
1.55123061e-08
-2.68433986e-08
3.96749869e-08
-3.97202733e-08
2.17243947e-08
1.40344025e-09
-1.71615593e-08
2.42046951e-08
-1.94542693e-08
4.20340512e-10
1.51307944e-08
-8.83463080e-09
-1.19196581e-08
2.91394038e-08
-2.92493407e-08
1.32034614e-08
4.05509848e-09
-1.44969290e-08
1.53894710e-08
-8.54360316e-09
9.41670208e-09
-2.37164013e-08
3.60726098e-08
-3.37669164e-08
1.76142745e-08
2.81014323e-09
-1.30514577e-08
4.49169590e-09
7.01080660e-09
8.89266882e-10
-1.49626143e-08
1.32551961e-08
-5.30337729e-09
4.95735852e-09
-1.08427889e-08
1.68705210e-08
-1.23400294e-08
-9.78536630e-09
2.98023366e-08
-2.12846025e-08
-8.14901036e-10
7.15953652e-09
-5.03496267e-09
7.09163928e-09
-8.34315728e-10
-1.61946652e-08
2.48158614e-08
-1.53538817e-08
-2.85218249e-09
1.21039783e-08
-7.80955300e-09
5.20961052e-09
-9.65925651e-09
1.26343025e-08
-1.09786056e-08
4.67276351e-09
3.65739927e-09
-8.90900687e-09
1.27862716e-08
-1.86361397e-08
2.14786091e-08
-1.86037923e-08
1.83580369e-08
-2.45442298e-08
2.88030861e-08
-2.58506638e-08
1.73943828e-08
-2.63549538e-09
-1.64695528e-08
2.86220150e-08
-2.60867523e-08
1.39375258e-08
-1.89478069e-14
-1.39374876e-08
2.61125859e-08
-2.94530658e-08
2.47608973e-08
-2.44666261e-08
2.65912004e-08
-1.84259523e-08
5.51192425e-09
4.64369654e-09
-1.74542265e-08
2.67949325e-08
-2.08189341e-08
6.37534381e-09
4.32031433e-09
-7.15954851e-09
4.76978812e-09
-3.21433791e-09
1.04609654e-09
1.35981404e-09
7.05605530e-09
-2.37115376e-08
2.95242195e-08
-1.84809394e-08
3.19657678e-09
1.21912658e-09
6.00509065e-09
-9.49269996e-09
4.49815829e-09
-1.20780308e-09
1.89168903e-10
5.19180077e-09
-1.48979344e-08
2.12118607e-08
-1.62270144e-08
2.73898237e-09
8.77320616e-09
-8.39808489e-09
-6.02448713e-09
2.16516387e-08
-2.01721875e-08
1.16397558e-10
1.98455972e-08
-2.81838393e-08
2.99397627e-08
-2.90779489e-08
2.57180730e-08
-1.95707095e-08
1.13197736e-08
-3.97914590e-09
-1.44063961e-09
4.97029262e-09
-5.28233945e-09
1.62656855e-09
5.07054665e-09
-9.31647204e-09
6.52573107e-09
-3.10278025e-09
6.75531098e-09
-1.42608823e-08
1.73717538e-08
-1.46246633e-08
1.25922446e-08
-1.45438133e-08
1.70354308e-08
-1.70354468e-08
1.45438310e-08
-1.25922455e-08
1.46246624e-08
-1.73717360e-08
1.42543986e-08
-6.54837384e-09
1.05261222e-09
9.70003383e-11
-1.87234894e-09
7.75294318e-09
-1.25518422e-08
9.19196630e-09
2.62903654e-09
-1.53991486e-08
1.96483132e-08
-1.30999602e-08
2.30244268e-09
3.92739130e-09
-2.89259172e-09
1.69449521e-09
-6.01479755e-09
9.06907793e-09
-6.63890720e-09
6.88790358e-09
-1.15606857e-08
1.31517011e-08
-7.63168018e-09
-5.76254955e-09
2.15044977e-08
-2.78830896e-08
1.99813943e-08
-3.31136607e-09
-1.33715972e-08
2.16783178e-08
-1.91115159e-08
1.36602010e-08
-1.20603048e-08
1.10012568e-08
-7.59449215e-09
5.10206988e-09
-4.89834573e-09
4.33000924e-09
-2.20137575e-09
-4.72946127e-10
2.13266738e-09
-2.88208812e-09
4.82477169e-09
-6.99867186e-09
5.85796389e-09
-5.27109023e-10
-6.98249103e-09
1.23650885e-08
-1.12769296e-08
4.90238206e-09
6.17642215e-10
-1.65649305e-09
-5.63476987e-10
3.85221544e-09
-4.81507012e-09
2.44957804e-10
7.05767311e-09
-1.16779066e-08
1.22874795e-08
-1.01936202e-08
6.87739599e-09
-3.85060162e-09
1.73572301e-09
-3.08014364e-10
-3.65414671e-10
7.15466242e-10
-1.62819447e-09
2.28626451e-09
-1.57645608e-09
2.02919764e-10
1.28784305e-09
-3.02922354e-09
4.22490309e-09
-4.62306016e-09
5.41331557e-09
-6.32523856e-09
5.96265037e-09
-5.27547073e-09
5.08144549e-09
-3.55673357e-09
9.56390300e-10
8.56899551e-11
4.86278295e-10
-9.72554814e-10
1.01540487e-09
-7.66808839e-10
-7.13043735e-10
3.50903417e-09
-5.48122214e-09
5.16471665e-09
-3.20364313e-09
1.11099829e-09
5.42866641e-10
-2.66259703e-09
4.79000617e-09
-4.90621854e-09
3.10905723e-09
-1.58130886e-09
8.99996244e-10
2.83459867e-10
-1.91307192e-09
2.47342058e-09
-2.05272888e-09
1.96279060e-09
-2.18400031e-09
1.96743910e-09
-1.37955170e-09
8.31657132e-10
-4.96799046e-10
2.98933600e-10
-8.30924635e-11
-1.09493234e-10
1.85259030e-10
-1.85259030e-10
1.09897466e-10
7.01572134e-11
-1.71199541e-10
9.50039353e-11
-2.34219949e-10
7.23098637e-10
-1.03773323e-09
1.02793107e-09
-1.15960574e-09
1.77139259e-09
-2.19208451e-09
1.11029252e-09
8.59672333e-10
-1.70196612e-09
1.83677362e-09
-3.13492654e-09
4.90702723e-09
-4.79162310e-09
2.71433809e-09
-1.05380282e-09
4.92948515e-10
9.17373899e-10
-3.56076990e-09
4.97028596e-09
-3.45729312e-09
7.11426806e-10
7.66808839e-10
-1.01540487e-09
9.72554814e-10
-4.86278295e-10
-8.56899551e-11
-9.56390300e-10
3.55673357e-09
-5.08144549e-09
5.27547073e-09
-5.96265037e-09
6.32523856e-09
-5.41331557e-09
4.62306016e-09
-4.22490309e-09
3.02922354e-09
-1.28784305e-09
-2.02919764e-10
1.57645608e-09
-2.28626451e-09
1.62819447e-09
-7.15466242e-10
3.65414671e-10
3.08014364e-10
-1.73572301e-09
3.85060162e-09
-6.87739599e-09
1.01936202e-08
-1.22874795e-08
1.16779066e-08
-7.05767311e-09
-2.44957804e-10
4.81507012e-09
-3.85221544e-09
5.63476987e-10
1.65649305e-09
-6.20875795e-10
-4.80213869e-09
1.03617817e-08
-1.02793205e-08
6.53300836e-09
-2.91685964e-09
-3.42939543e-09
1.15744347e-08
-1.37693519e-08
9.29140764e-09
-4.18287938e-09
8.84439189e-10
2.28791208e-10
1.31936773e-09
-1.84728199e-09
-1.91518801e-09
6.11341555e-09
-6.98168812e-09
7.35842143e-09
-9.98261385e-09
1.45535290e-08
-1.94146708e-08
2.09127133e-08
-1.77468742e-08
1.08913092e-08
-2.30729347e-09
-1.54573354e-09
-1.11888099e-09
3.48114426e-09
-4.21358770e-09
4.94441199e-09
-2.80043189e-09
1.61655134e-11
8.24668112e-11
-4.00989464e-10
3.42781747e-10
2.90067592e-09
-6.22983354e-09
6.87658552e-09
-6.15869133e-09
5.06730613e-09
-4.68895633e-09
4.97998620e-09
-2.35255659e-09
-4.08747169e-09
1.00974162e-08
-1.10093419e-08
4.89107244e-09
1.25630928e-09
4.22651691e-09
-1.88269276e-08
2.61093511e-08
-1.89837692e-08
8.02133382e-09
-3.81423026e-09
6.55807497e-09
-1.18145405e-08
1.26714976e-08
-6.64863276e-09
2.86206614e-10
4.31705516e-09
-9.72551817e-09
1.34103990e-08
-1.20312178e-08
4.87813789e-09
2.68725242e-09
-3.01385716e-09
-2.04051420e-09
7.33256078e-09
-1.13731371e-08
1.01847242e-08
1.23691279e-09
-1.79991027e-08
2.41626541e-08
-1.40038114e-08
2.89745961e-09
-2.73413181e-09
4.39142633e-09
3.02681147e-09
-1.09107159e-08
5.57016255e-09
7.41014627e-09
-1.48057531e-08
1.50612269e-08
-1.01184376e-08
3.92417832e-09
-4.61619720e-09
8.25093771e-09
-3.39869288e-09
-6.56936328e-09
1.05695284e-08
-6.76986200e-09
-2.61612376e-09
1.58761519e-08
-2.68353482e-08
2.80884134e-08
-1.99733012e-08
1.27135351e-08
-1.62528977e-08
2.62872462e-08
-2.92784605e-08
2.24972680e-08
-1.34120333e-08
9.16448428e-09
-1.75625345e-08
3.55309098e-08
-4.38497665e-08
3.05606349e-08
-1.01539510e-09
-2.96454736e-08
4.03880236e-08
-2.29338308e-08
-2.82143020e-09
1.43125929e-08
-1.52212927e-08
1.66797403e-08
-1.29124116e-08
1.60394609e-09
4.60809479e-09
-2.52878851e-09
-4.13910101e-10
6.64212996e-09
-1.78535942e-08
2.07769126e-08
-1.28509532e-08
6.60656374e-09
1.19649624e-10
-1.25275825e-08
1.93217176e-08
-1.01992939e-08
-8.76023520e-09
1.98714485e-08
-2.00913490e-08
2.68143179e-08
-4.07647462e-08
4.51659048e-08
-4.11172536e-08
4.00404225e-08
-4.12142782e-08
4.15764454e-08
-4.29216840e-08
4.27632294e-08
-3.42907782e-08
1.62366973e-08
4.54667681e-09
-2.18181722e-08
2.79299641e-08
-1.45389683e-08
-7.25009386e-09
1.66053535e-08
-1.41897400e-08
1.07813518e-08
-1.34522549e-09
-1.49690962e-08
2.00816679e-08
-9.47169809e-09
7.37297112e-10
-2.50614596e-09
4.91206853e-09
-1.34202105e-09
-4.74714668e-09
8.85727047e-09
-5.74315617e-09
3.26932570e-09
-1.71227654e-08
3.43199034e-08
-3.17943183e-08
1.93281657e-08
-1.30805482e-08
6.38666631e-09
6.11209972e-10
5.28717337e-09
-1.83257356e-08
1.49626516e-08
4.18120027e-09
-7.01075198e-09
-9.55253654e-09
1.27636355e-08
4.58548044e-09
-1.95706846e-08
1.49593227e-08
1.12860699e-09
-8.42394421e-09
4.60810679e-09
3.08177084e-09
-1.50595909e-08
2.72831890e-08
-2.75160286e-08
1.81219484e-08
-1.92343492e-08
3.25639178e-08
-3.64606194e-08
2.38910243e-08
-1.66829999e-08
3.28808980e-08
-5.32697371e-08
5.35155031e-08
-4.51950406e-08
4.46226522e-08
-4.38465406e-08
3.78091087e-08
-3.48114035e-08
3.08241681e-08
-1.05679003e-08
-2.19022631e-08
3.90508745e-08
-2.74190555e-08
3.34374306e-09
1.54443978e-08
-2.59185775e-08
3.06237098e-08
-2.19701484e-08
-6.61951560e-09
3.51153773e-08
-4.29475406e-08
3.68939546e-08
-2.69048499e-08
1.35494158e-08
4.09070600e-09
-2.68919162e-08
4.60066651e-08
-5.03819528e-08
4.04025826e-08
-1.69545871e-08
-8.08116329e-09
7.62519381e-09
2.06087218e-08
-4.19159356e-08
2.58926587e-08
1.19487753e-08
-2.95597911e-08
1.60006035e-08
2.83605539e-09
-7.87747467e-09
1.00376152e-08
-2.39848283e-08
4.37916015e-08
-5.67427705e-08
5.42592069e-08
-3.63086095e-08
1.05614317e-08
1.66829750e-08
-3.87986425e-08
5.32535545e-08
-5.58890569e-08
3.79222840e-08
-1.30902791e-08
3.47954687e-09
-9.47468326e-10
-1.12470486e-08
2.65588636e-08
-3.06818819e-08
2.31375346e-08
-1.43320307e-08
6.49016618e-09
7.42470974e-09
-2.05796447e-08
2.15336264e-08
-1.61979354e-08
1.35624116e-08
-1.35365408e-08
1.53862523e-08
-1.38502259e-08
-7.85779886e-10
2.07478088e-08
-2.89744939e-08
1.74784809e-08
1.75916384e-08
-5.86959814e-08
6.88920210e-08
-3.83006338e-08
-3.45041906e-09
2.29855228e-08
-1.71227050e-08
7.95499755e-09
-6.88463597e-09
2.47057841e-09
6.75208867e-09
-6.55805144e-09
6.62596022e-09
-2.21932872e-08
3.09276587e-08
-1.97323864e-08
1.12049747e-08
-4.65339145e-09
-1.32648550e-08
1.85520506e-08
7.95182586e-09
-3.80839822e-08
3.97978717e-08
-2.35449882e-08
1.35526719e-08
-5.87250559e-09
-6.17001206e-09
1.59133275e-08
-2.66429279e-08
3.74372036e-08
-3.81874479e-08
3.32398074e-08
-2.75807306e-08
1.20004797e-08
1.13407932e-08
-2.08092388e-08
7.27595761e-09
1.35009444e-08
-1.76304678e-08
-6.14733864e-09
3.80418932e-08
-4.69121169e-08
3.67904747e-08
-3.94583033e-08
5.59278277e-08
-5.29430899e-08
2.68822511e-08
-7.86775978e-09
3.17879767e-09
9.95996174e-10
-5.63642999e-09
3.42777429e-09
4.17152535e-09
-1.26924675e-08
2.26621566e-08
-2.85411339e-08
2.61481752e-08
-2.69081184e-08
3.54031826e-08
-3.60176102e-08
1.60006621e-08
1.36496849e-08
-2.87610646e-08
2.44828264e-08
-1.65213105e-08
1.40894896e-08
-1.86717131e-08
3.22438112e-08
-4.45805881e-08
3.79416711e-08
-1.19002221e-08
-1.82480786e-08
3.62601043e-08
-3.40676500e-08
1.36238381e-08
1.55543809e-08
-3.09115045e-08
1.93152658e-08
-2.53852317e-09
-3.83526100e-09
1.23594628e-08
-1.91794385e-08
1.02510285e-08
2.57082644e-09
-4.76656004e-09
-1.05420384e-09
9.08037201e-09
-1.63304605e-08
1.48203396e-08
4.40435599e-09
-2.47802916e-08
2.15691482e-08
2.59063881e-11
-2.23873400e-08
3.26545369e-08
-2.73026757e-08
1.48850301e-08
-1.94673566e-09
-9.09657683e-09
1.98326813e-08
-2.95469036e-08
3.17684723e-08
-2.98411180e-08
2.68434341e-08
-1.43611345e-08
-7.25008675e-09
2.08254090e-08
-1.18679067e-08
-6.56776411e-09
8.05530487e-09
3.53126239e-09
-6.15705176e-09
-3.58994612e-10
4.16510693e-09
-2.17632135e-09
-2.19895702e-09
4.90238961e-09
-7.92594346e-09
2.04082422e-08
-4.20291641e-08
5.58534872e-08
-4.80666174e-08
2.20510383e-08
6.13119289e-09
-1.77985964e-08
2.10192042e-09
2.69307456e-08
-2.93495752e-08
-5.59763658e-09
3.48081599e-08
-3.66319952e-08
3.79448934e-08
-4.84093476e-08
5.05760021e-08
-4.18772039e-08
3.63377737e-08
-4.13662562e-08
4.56186271e-08
-3.26641647e-08
4.43992842e-09
2.16014868e-08
-3.01644683e-08
2.29111574e-08
-1.22171286e-08
2.58684185e-11
1.14572201e-08
-1.68155587e-08
2.31051978e-08
-2.72217715e-08
1.31290605e-08
1.31225928e-08
-2.70374354e-08
2.17987459e-08
-1.79505939e-08
2.83568085e-08
-3.39027082e-08
1.63725318e-08
8.71496741e-09
-2.01689403e-08
2.06216448e-08
-1.23205721e-08
-1.41897853e-08
4.62880756e-08
-5.43142420e-08
3.53967167e-08
-8.47889225e-09
-3.90962640e-09
-1.45228238e-08
4.17316848e-08
-4.37269136e-08
3.26254224e-08
-3.36149633e-08
3.82004437e-08
-3.30878471e-08
2.71991354e-08
-2.44116229e-08
7.08514136e-09
2.30987531e-08
-3.55325334e-08
2.41497027e-08
-1.25502435e-08
1.35106930e-08
-2.21351169e-08
2.23064713e-08
7.34073691e-10
-2.76421623e-08
2.22806005e-08
7.08514358e-09
-2.35838051e-08
1.89983567e-08
-6.58071286e-09
-7.12395831e-09
2.44504417e-08
-4.37172112e-08
4.95638481e-08
-3.68777897e-08
1.98843821e-08
-3.38572193e-09
-4.42703874e-09
-1.45066537e-08
4.17219823e-08
-4.34100045e-08
2.93496107e-08
-2.18569909e-08
1.74526331e-08
-1.50176014e-08
2.47738168e-08
-3.93289525e-08
3.97978610e-08
-2.88968689e-08
2.23258603e-08
-2.15335767e-08
2.09967617e-08
-1.61234990e-08
3.01064063e-09
5.73989656e-09
2.49973198e-09
-1.12244010e-08
7.08192260e-09
-5.38420863e-09
1.14830883e-08
-1.22171313e-08
1.14798464e-08
-1.41671332e-08
6.43197007e-09
6.86851331e-09
1.18355592e-09
-2.83827131e-08
4.05092884e-08
-2.90908844e-08
1.67056111e-08
-1.08040137e-08
6.07949158e-09
-3.09471915e-09
-1.80444948e-09
1.32455025e-08
-2.46865532e-08
2.95759843e-08
-3.22438147e-08
3.36860921e-08
-2.76454539e-08
1.79668032e-08
-1.21169208e-08
1.06035198e-08
-1.32357751e-08
9.05772435e-09
1.18970220e-08
-2.86349131e-08
2.00977777e-08
-7.34061922e-10
-8.22343793e-09
4.64044358e-09
1.91761740e-09
-5.14165333e-09
9.07067044e-09
-1.19843078e-08
6.60654598e-09
-7.34040384e-10
-1.26115673e-09
1.15380541e-08
-2.68693405e-08
3.33983117e-08
-2.84991426e-08
7.54434826e-09
2.38586999e-08
-4.21132818e-08
3.53320999e-08
-1.42318228e-08
-8.72735217e-11
-2.76812306e-09
1.38987089e-08
-1.77953776e-08
7.36004813e-09
3.55710950e-09
3.16944693e-10
-6.82648960e-09
3.91285004e-09
1.15445198e-09
-2.65168154e-09
3.00727776e-10
-6.63566180e-09
2.87093123e-08
-3.64735691e-08
1.05258975e-08
1.78923774e-08
-2.15983000e-08
1.21492558e-08
7.40541850e-10
-1.77210246e-08
2.47318148e-08
-1.33457476e-08
-3.84816223e-09
1.25858133e-08
-4.31709157e-09
-1.41573935e-08
2.19022240e-08
-1.43578429e-08
1.98226990e-09
7.49260920e-09
-5.04465225e-09
-8.33663272e-09
1.68349636e-08
-1.58874940e-08
1.51922350e-08
-1.64080944e-08
1.76692492e-08
-2.72411977e-08
4.76882676e-08
-6.51505658e-08
6.22175378e-08
-3.67258153e-08
1.33910074e-08
-1.40312704e-08
2.65685642e-08
-2.82404411e-08
1.29285933e-08
5.11256104e-09
-1.42156154e-08
2.96309448e-08
-5.32179598e-08
5.50935404e-08
-3.07562829e-08
5.74315617e-09
7.62843921e-09
-8.65679795e-09
-5.63639446e-09
2.41270524e-08
-2.63583928e-08
1.59618843e-08
-1.23400739e-08
1.95675138e-08
-2.45959964e-08
1.60556262e-08
2.69373146e-09
-2.31795845e-08
3.71202979e-08
-3.83911853e-08
3.55293217e-08
-3.72432041e-08
3.85820016e-08
-3.03908898e-08
2.08575068e-09
3.99984117e-08
-6.55289156e-08
5.53328405e-08
-1.93507894e-08
-1.42188741e-08
1.91697467e-08
-1.52632396e-09
-6.79413859e-09
3.88039378e-10
-7.49583062e-09
3.12607469e-08
-4.26241868e-08
3.28970202e-08
-1.46844741e-08
1.02506448e-09
3.16944693e-10
-4.28474323e-09
2.56566324e-08
-4.68151171e-08
4.83156057e-08
-3.87986532e-08
2.60834891e-08
7.17906401e-10
-3.09018020e-08
3.38445361e-08
-1.20069714e-08
-8.61471072e-09
1.93184757e-08
-1.84324360e-08
1.96286720e-09
1.21945520e-08
-8.84435547e-09
8.83785400e-09
-2.29564563e-08
3.05558245e-08
-2.71991958e-08
3.35050032e-08
-4.68409880e-08
4.12595185e-08
-2.30243629e-08
1.34653728e-08
-5.87250559e-09
-6.01480377e-09
1.32713591e-08
-8.15554113e-09
-9.28088895e-09
2.08642259e-08
-4.47554749e-09
-2.62742557e-08
3.31783454e-08
-1.78374258e-08
1.57225486e-08
-3.09018162e-08
4.29702141e-08
-4.18416093e-08
2.52750390e-08
4.39790426e-10
-2.35999380e-08
3.70523878e-08
-3.58397472e-08
1.75334165e-08
1.18161907e-08
-3.68292952e-08
4.72872586e-08
-5.18565741e-08
5.87024616e-08
-5.89482170e-08
4.88006364e-08
-3.74339706e-08
2.69469247e-08
-1.43934740e-08
4.60165239e-09
-3.88053456e-09
6.60011557e-09
2.26038344e-09
-1.99587245e-08
2.05569712e-08
2.63228128e-09
-2.13719034e-08
1.59747948e-08
-2.29645192e-10
-2.30563302e-09
-1.34524498e-08
2.43210891e-08
-9.25176202e-09
-1.03609636e-08
5.11254905e-09
1.12211680e-08
-1.46198360e-08
9.88558924e-09
-1.03027329e-08
1.92376213e-08
-2.95501010e-08
3.24734337e-08
-2.98767375e-08
2.06702122e-08
2.91035945e-10
-2.31375346e-08
3.37766011e-08
-3.08209707e-08
2.24229080e-08
-1.39116310e-08
5.07374409e-09
-3.72203157e-09
1.65277179e-08
-2.84635213e-08
1.89303897e-08
9.15802900e-09
-3.21758904e-08
3.66417012e-08
-2.98734548e-08
2.29208830e-08
-1.93605043e-08
1.19875452e-08
3.54417651e-09
-1.48688057e-08
1.42544092e-08
-7.97768873e-09
-4.78601492e-10
5.34540368e-09
5.09640952e-09
-2.81142949e-08
4.57997160e-08
-5.37386029e-08
5.95981895e-08
-5.86313078e-08
4.46097133e-08
-2.34900135e-08
4.83769114e-09
2.22806529e-09
4.75687179e-09
-1.65892082e-08
2.27980124e-08
-2.00978008e-08
1.31128814e-08
-1.10465326e-08
1.72812271e-08
-2.92525968e-08
4.27632472e-08
-4.79793059e-08
4.11463681e-08
-3.15291686e-08
2.17955538e-08
-8.99633079e-09
1.78828685e-09
-7.24686577e-09
1.77242292e-08
-2.49387497e-08
2.63907260e-08
-2.05020569e-08
6.73593226e-09
1.25372885e-08
-3.30878294e-08
5.28557855e-08
-6.45716938e-08
5.86894906e-08
-4.58158986e-08
3.90638206e-08
-2.80658181e-08
1.24855557e-08
-1.42576324e-08
2.80043420e-08
-2.44084255e-08
6.18620533e-09
4.99289854e-09
-1.03771072e-08
1.77112724e-08
-2.13654214e-08
1.81801809e-08
-1.40442271e-08
9.03837361e-09
2.34447484e-09
-1.84292048e-08
2.98637701e-08
-2.99252072e-08
2.47738345e-08
-2.44246010e-08
2.74546395e-08
-3.22179652e-08
4.15829255e-08
-4.55297098e-08
3.18622213e-08
-9.13375153e-09
-5.12066967e-09
8.49995274e-09
-9.56060831e-09
1.06778542e-08
-1.15234755e-08
1.48170649e-08
-2.00395984e-08
2.03969410e-08
-1.31193723e-08
7.63653496e-09
-8.67295391e-09
6.93802971e-09
9.50742818e-10
-6.91217750e-09
5.97437033e-09
-4.13910101e-10
-1.87881355e-09
-5.77389425e-09
1.61283857e-08
-1.83790654e-08
1.88964719e-08
-2.61869921e-08
3.11702024e-08
-2.55580019e-08
1.57920503e-08
-8.95588315e-09
4.31059410e-09
-1.37110712e-09
2.22804775e-09
-4.42376935e-09
6.12472117e-09
-9.77725190e-09
1.21508368e-08
-1.00214077e-08
8.25093593e-09
-8.95429064e-09
8.50479864e-09
-3.70913389e-09
-3.75115405e-09
5.39714273e-09
1.26925670e-09
-5.45374590e-09
1.88528193e-09
4.80217865e-10
1.78181259e-09
1.07036291e-09
-1.42608823e-08
2.85104349e-08
-3.03374925e-08
1.81445969e-08
-5.04302866e-09
7.17887416e-10
1.33716571e-09
-9.44743217e-09
1.97889776e-08
-2.34140209e-08
1.63223977e-08
-1.28864686e-09
-1.34880178e-08
2.10566213e-08
-2.15756302e-08
1.59246376e-08
-6.07945694e-09
1.22881327e-09
-4.78918505e-09
7.55082397e-09
-5.56206237e-09
4.48522108e-09
-5.81268811e-09
7.64300179e-09
-1.06859694e-08
1.26132864e-08
-7.08193237e-09
-3.72691611e-09
9.10142717e-09
-8.84595419e-09
1.19697594e-08
-1.73798380e-08
1.71486239e-08
-1.22219950e-08
8.16200796e-09
-2.88774094e-09
-8.15554380e-09
2.10889599e-08
-2.79024928e-08
2.64917688e-08
-1.85221651e-08
6.94449431e-09
7.42965356e-10
-4.62439559e-10
-2.78506884e-09
3.86191967e-09
-1.25874655e-09
-4.14405932e-09
8.03832201e-09
-7.11589276e-09
1.92408711e-09
5.86765614e-09
-1.24944428e-08
1.36747671e-08
-1.03625810e-08
6.91053748e-09
-5.25000798e-09
2.52314902e-09
3.97670963e-09
-9.02381014e-09
6.17567686e-09
1.46893753e-09
-6.40850484e-09
5.10771958e-09
1.41881773e-09
-9.26310584e-09
1.34508245e-08
-9.91552263e-09
3.36322969e-10
7.12234804e-09
-9.39892431e-09
1.03415640e-08
-1.10796652e-08
1.11968923e-08
-1.13820242e-08
1.15404770e-08
-1.13585781e-08
1.10174181e-08
-1.09867004e-08
1.09212159e-08
-8.91668517e-09
4.12304280e-09
8.69475714e-10
-4.05352019e-09
6.38304209e-09
-7.47605178e-09
5.73547920e-09
-1.98714956e-09
-1.69327397e-09
4.00339317e-09
-3.72569176e-09
1.25631094e-09
5.18211529e-10
-9.45874490e-10
2.07526329e-09
-3.91324972e-09
4.91895014e-09
-4.79606843e-09
4.07291889e-09
-2.78850942e-09
7.96514577e-10
6.02488281e-10
-9.09479922e-11
-9.21419385e-10
8.19961599e-10
1.92001387e-10
-1.86567384e-09
3.49185103e-09
-3.79339982e-09
2.65269051e-09
-8.22080293e-10
-6.30078212e-10
6.35636155e-10
5.74901404e-10
-1.67968595e-09
1.84021209e-09
-1.24378496e-09
5.33089906e-10
2.76464558e-08
-1.30451281e-06
2.20921502e-05
-1.59084550e-04
4.45529964e-04
-5.72682999e-04
0.00000000e+00
0.00000000e+00
