1.03364279e-03
-1.44222623e-03
1.44222623e-03
-1.03364279e-03
5.24470350e-04
-1.83682889e-04
4.27257946e-05
-6.31422427e-06
5.77163178e-07
-2.96572846e-08
-1.58073543e-09
2.14110862e-09
-9.98395699e-10
-6.14438708e-12
-2.14588486e-10
1.86648785e-09
-4.02513356e-09
5.33550581e-09
-4.96789898e-09
3.14776738e-09
-8.59360416e-10
-9.95626026e-10
2.11796891e-09
-2.76316392e-09
3.43869377e-09
-4.48101556e-09
5.81490545e-09
-7.09959647e-09
7.87398857e-09
-7.54774376e-09
5.64465141e-09
-2.29323449e-09
-1.70720349e-09
5.39066392e-09
-7.91232235e-09
8.45371861e-09
-6.46451515e-09
2.12958451e-09
3.61665897e-09
-9.55275237e-09
1.48390251e-08
-1.90155749e-08
2.06592148e-08
-1.71490129e-08
7.93790722e-09
2.60257349e-09
-7.96885224e-09
5.24974730e-09
3.01846836e-09
-1.23405703e-08
2.00549337e-08
-2.49601548e-08
2.53519623e-08
-1.99820391e-08
1.01253965e-08
6.32316255e-10
-8.23971824e-09
1.04771196e-08
-8.45661674e-09
5.48910695e-09
-4.42045422e-09
5.87676841e-09
-7.89386778e-09
7.32179473e-09
-2.92098812e-09
-3.04764969e-09
7.33084837e-09
-9.13265374e-09
9.81160486e-09
-1.02794475e-08
1.04853344e-08
-1.02483799e-08
8.99741881e-09
-5.95810201e-09
1.52710289e-09
2.50582111e-09
-4.35407088e-09
3.44107898e-09
-7.08100245e-10
-1.53199253e-09
8.77240669e-10
2.44073273e-09
-4.79379914e-09
2.87496515e-09
1.96504524e-09
-4.32378666e-09
7.89813215e-10
5.08571540e-09
-6.19562845e-09
-2.00006539e-10
1.07714051e-08
-2.11626521e-08
2.96356344e-08
-3.60188039e-08
3.97248243e-08
-4.04940401e-08
3.90544272e-08
-3.47567237e-08
2.56758135e-08
-1.30812037e-08
1.61876279e-09
6.23632967e-09
-1.26078534e-08
2.10314433e-08
-3.17783737e-08
3.93153101e-08
-3.61042289e-08
2.16868887e-08
-5.54286217e-09
-2.75367840e-09
3.16247628e-09
-1.21649557e-09
-2.73381845e-10
4.91985230e-10
2.49814991e-09
-8.65252137e-09
1.42239003e-08
-1.71525638e-08
2.02701376e-08
-2.53172523e-08
2.71967586e-08
-1.94460590e-08
3.80376974e-09
1.06182387e-08
-1.64345852e-08
1.28659714e-08
-4.37586056e-09
-3.01947622e-09
6.53794530e-09
-7.58520624e-09
7.45030082e-09
-6.45188969e-09
6.77321532e-09
-1.02240971e-08
1.46417776e-08
-1.68099028e-08
1.67308727e-08
-1.67215912e-08
1.77725266e-08
-1.81483557e-08
1.60007119e-08
-1.20145378e-08
8.14927148e-09
-6.07074346e-09
7.74371767e-09
-1.41657335e-08
2.27532109e-08
-2.86663902e-08
2.86478947e-08
-2.21205330e-08
1.08066533e-08
4.80054940e-10
-6.16721207e-09
5.77274584e-09
-3.43208040e-09
5.72863701e-10
5.42654499e-09
-1.48178589e-08
2.24570051e-08
-2.27069936e-08
1.66471352e-08
-1.21918369e-08
1.51240958e-08
-2.35356641e-08
3.29208341e-08
-4.06540863e-08
4.37073489e-08
-3.93195982e-08
2.97025977e-08
-1.93178860e-08
7.00618763e-09
1.23832287e-08
-3.76814846e-08
5.75747663e-08
-5.91870801e-08
3.97973956e-08
-9.30508470e-09
-1.73500272e-08
2.90231039e-08
-2.49701841e-08
1.61482756e-08
-1.43136676e-08
1.83811100e-08
-1.85064835e-08
1.32067433e-08
-1.23960424e-08
2.16187459e-08
-3.41164537e-08
4.23214388e-08
-4.66143923e-08
4.82261271e-08
-4.31320579e-08
2.84121082e-08
-8.78459971e-09
-7.25135108e-09
1.43032679e-08
-1.08892415e-08
-1.40344458e-09
1.58780686e-08
-2.36681625e-08
2.24890311e-08
-1.89880325e-08
2.24189911e-08
-3.61230512e-08
5.13454737e-08
-5.27693906e-08
3.59682950e-08
-1.37199949e-08
-5.04350395e-10
7.05407910e-09
-1.17700347e-08
1.20715695e-08
1.50613966e-10
-2.55465640e-08
5.29833706e-08
-6.88340265e-08
6.83898236e-08
-5.61092079e-08
3.80715761e-08
-1.94094341e-08
5.46650281e-09
1.05665510e-09
-1.75818782e-09
-2.09801465e-09
1.16111254e-08
-2.49113334e-08
3.44986759e-08
-3.29469785e-08
1.81073361e-08
7.80630671e-09
-3.72930664e-08
5.50607844e-08
-4.85805707e-08
2.42962681e-08
-1.21534471e-09
-1.24790720e-08
2.33177619e-08
-3.39665505e-08
3.61761110e-08
-2.49669867e-08
7.22456628e-09
8.04880518e-09
-1.88177367e-08
2.59286441e-08
-2.79289285e-08
2.39132554e-08
-1.40644545e-08
-2.07183945e-07
7.34401920e-06
-1.38142044e-04
1.58571836e-03
-1.14631876e-02
5.20316586e-02
-1.44362614e-01
2.30460435e-01
-1.41063556e-01
2.29696870e-01
-1.32339016e-01
4.39484902e-02
-8.63689464e-03
1.01898750e-03
-7.07312938e-05
2.70130818e-06
-8.66132481e-08
3.15426085e-08
-1.00238644e-08
-1.15049241e-08
2.35140369e-08
-2.40459457e-08
1.58097855e-08
-2.07018319e-10
-1.86297804e-08
2.91724209e-08
-2.05403445e-08
-4.23230961e-09
2.84739059e-08
-3.86636536e-08
3.75363243e-08
-3.57656766e-08
3.53115475e-08
-3.00245162e-08
1.89692493e-08
-8.72649331e-09
4.23693747e-09
-3.86531740e-09
1.98494998e-09
5.00252018e-09
-1.34586386e-08
1.50137751e-08
-5.02780129e-09
-1.40485747e-08
3.56504621e-08
-5.11997413e-08
5.27642463e-08
-3.97349851e-08
2.09813926e-08
-6.63320421e-09
8.21529234e-10
-3.21053162e-09
1.16323227e-08
-2.28556161e-08
3.34458718e-08
-3.74979550e-08
2.73720389e-08
-3.67615161e-09
-1.96925640e-08
2.47437377e-08
-2.53700017e-09
-3.87534627e-08
7.75971856e-08
-9.67035092e-08
9.62029532e-08
-8.55241495e-08
6.82123158e-08
-4.26092654e-08
1.21562493e-08
1.45812811e-08
-3.06004786e-08
3.21892131e-08
-2.08865032e-08
6.18811624e-09
1.47681911e-09
-1.85903959e-09
2.86756885e-09
-7.92586796e-09
1.23175230e-08
-1.06997256e-08
1.29013666e-09
1.38997827e-08
-2.83659265e-08
3.58061314e-08
-3.68095172e-08
3.62876094e-08
-3.46244740e-08
2.54524615e-08
-5.23049604e-09
-1.72367134e-08
2.75015815e-08
-2.19809984e-08
1.13736949e-08
-7.57384111e-09
1.45115404e-08
-3.05019334e-08
4.85863687e-08
-5.68243692e-08
4.95602706e-08
-3.24449339e-08
8.72473027e-09
2.58351189e-08
-6.59342305e-08
8.98217678e-08
-8.05924145e-08
4.66889603e-08
-1.49103094e-08
6.62450717e-09
-2.18164455e-08
4.28426148e-08
-5.07196454e-08
3.81461298e-08
-1.31234010e-08
-7.33517780e-09
1.31921363e-08
-1.14421637e-08
1.49954431e-08
-2.53494115e-08
3.30779173e-08
-3.29625855e-08
3.15973132e-08
-3.79296594e-08
4.97747372e-08
-5.44835146e-08
4.44045689e-08
-2.64687170e-08
1.14842482e-08
4.29937752e-10
-1.58916897e-08
3.40893784e-08
-4.59696707e-08
4.63450398e-08
-3.74200013e-08
1.98842578e-08
9.01505448e-09
-4.58762948e-08
7.61520269e-08
-8.00262683e-08
4.59957832e-08
1.40722456e-08
-6.78848195e-08
8.92705074e-08
-7.80663925e-08
5.12190823e-08
-2.27526531e-08
-1.34476585e-09
1.53350896e-08
-1.48415724e-08
7.29456451e-09
-8.54294768e-09
2.55978136e-08
-4.88997181e-08
5.95678920e-08
-4.39514167e-08
9.68166258e-09
1.50143808e-08
-9.15789666e-09
-1.66329670e-08
3.26413527e-08
-2.14945306e-08
-1.05753877e-08
4.43062262e-08
-5.93987117e-08
4.68781955e-08
-2.11490807e-08
1.08164109e-08
-2.80180590e-08
5.56108759e-08
-7.08986647e-08
7.03278928e-08
-6.55039258e-08
6.64990836e-08
-7.19905628e-08
6.90754050e-08
-4.66286387e-08
1.15183756e-08
1.60408433e-08
-2.30274004e-08
1.45531853e-08
-7.73715847e-09
1.58020956e-08
-3.39390986e-08
4.25016822e-08
-2.79959718e-08
-2.44435938e-09
3.00744780e-08
-4.07379019e-08
2.89078805e-08
3.31532957e-09
-4.47185506e-08
8.01192215e-08
-1.01098117e-07
1.06821446e-07
-9.66246887e-08
7.15952382e-08
-4.05921448e-08
1.29048194e-08
1.20277877e-08
-3.84020353e-08
6.35184492e-08
-8.08037726e-08
8.75475905e-08
-8.49563264e-08
7.44699165e-08
-5.78256518e-08
4.00561966e-08
-2.85150872e-08
2.73810414e-08
-3.50444509e-08
4.58769378e-08
-5.35019247e-08
5.46433974e-08
-4.95151937e-08
3.86911481e-08
-2.35284983e-08
8.14152568e-09
4.46013582e-09
-1.70346084e-08
3.50265026e-08
-5.84855435e-08
7.72203563e-08
-7.63497709e-08
5.23772243e-08
-2.20892638e-08
6.80555523e-09
-9.56897850e-09
1.73424048e-08
-2.08462190e-08
2.02673913e-08
-1.76838810e-08
1.58766529e-08
-1.85598950e-08
2.48059511e-08
-2.98218268e-08
3.22611022e-08
-3.42380737e-08
3.63873056e-08
-3.79631615e-08
3.98182429e-08
-4.46910668e-08
5.34904707e-08
-6.07842026e-08
5.85323363e-08
-4.71710671e-08
3.66251030e-08
-3.40290640e-08
3.74766316e-08
-4.10209751e-08
3.81884888e-08
-2.50679033e-08
7.85857690e-09
-9.58385815e-10
1.20376322e-08
-3.54009231e-08
5.91257319e-08
-6.74043932e-08
-2.45128575e-07
1.04119208e-05
-1.96493347e-04
2.25580949e-03
-1.63077563e-02
7.40225911e-02
-2.05379054e-01
3.27869028e-01
-2.00686455e-01
3.26786250e-01
-1.88277349e-01
6.25251830e-02
-1.22876540e-02
1.44969008e-03
-1.00602832e-04
3.81421614e-06
-8.50442703e-08
-3.90538801e-09
3.11419264e-08
-4.76306354e-08
5.55681510e-08
-5.44215695e-08
4.09289633e-08
-1.89240286e-08
-2.07862061e-09
1.57974167e-08
-1.90538056e-08
7.37380379e-09
2.02057979e-08
-5.29739737e-08
7.12970660e-08
-6.22657339e-08
3.48178801e-08
-1.35722837e-08
1.15545049e-08
-1.55543312e-08
5.63484548e-09
1.86258156e-08
-3.97483575e-08
4.34059260e-08
-3.03023846e-08
1.09219576e-08
6.85985757e-09
-2.35593998e-08
4.06395309e-08
-5.20444168e-08
4.97459247e-08
-3.56056375e-08
2.15381952e-08
-1.79333899e-08
2.54476440e-08
-3.62288866e-08
3.84231669e-08
-2.25258674e-08
-9.85482895e-09
4.41432633e-08
-6.37326139e-08
6.24291019e-08
-4.56275124e-08
2.42313209e-08
-1.01754569e-08
1.15732002e-08
-2.62425850e-08
3.98092297e-08
-3.41300073e-08
6.28556318e-09
2.15343867e-08
-2.44879921e-08
6.06111739e-09
6.65304389e-09
5.55350255e-09
-3.73946385e-08
6.81595793e-08
-8.00782729e-08
7.17297652e-08
-5.66996903e-08
4.68095784e-08
-3.95025062e-08
2.61407234e-08
-5.20378807e-09
-2.02071888e-08
4.91743322e-08
-7.81440619e-08
9.47463192e-08
-8.51454303e-08
4.99387838e-08
-9.56304014e-09
-1.17414087e-08
8.27741520e-09
5.32637356e-09
-1.47883457e-08
2.06574260e-08
-2.89762561e-08
3.93237656e-08
-4.97637771e-08
6.02213248e-08
-6.31003658e-08
4.57886102e-08
-9.95415839e-09
-2.55845158e-08
4.60661873e-08
-5.21522949e-08
5.00507866e-08
-4.44687132e-08
4.04806322e-08
-4.27387654e-08
5.31876587e-08
-6.79869885e-08
7.47855751e-08
-6.23930489e-08
3.48558551e-08
-5.11542364e-09
-2.24803802e-08
5.06332718e-08
-7.54715543e-08
8.88268232e-08
-9.05328292e-08
8.76424338e-08
-8.42154293e-08
7.78129348e-08
-6.47623466e-08
4.74610431e-08
-3.47187523e-08
3.19918456e-08
-3.45457316e-08
3.46422659e-08
-3.17483071e-08
3.20462163e-08
-4.08547685e-08
5.66576439e-08
-7.15626598e-08
7.85565675e-08
-7.52855556e-08
6.07322548e-08
-3.87767543e-08
2.33826345e-08
-2.40343567e-08
2.99944745e-08
-2.50126408e-08
1.02113358e-08
1.88010385e-10
2.84047874e-09
-1.69767294e-08
3.36757111e-08
-4.49153141e-08
4.68556038e-08
-3.92425719e-08
2.60164299e-08
-1.70998522e-08
2.13348503e-08
-3.51414720e-08
4.51167601e-08
-4.24859330e-08
2.90048980e-08
-1.05457412e-08
-8.25039592e-09
2.39522606e-08
-3.29023209e-08
3.04681045e-08
-1.56656856e-08
-2.44470044e-09
1.22012880e-08
-1.49373189e-08
2.19306155e-08
-3.54409444e-08
4.47933175e-08
-4.15824708e-08
2.88808266e-08
-1.45018895e-08
1.54200597e-09
1.26083473e-08
-3.06097832e-08
4.96341173e-08
-6.07413284e-08
5.50540626e-08
-3.19878666e-08
-2.68106870e-10
3.21917888e-08
-5.60893945e-08
6.38815578e-08
-5.39872040e-08
4.11267997e-08
-4.24762980e-08
5.04399829e-08
-3.69734572e-08
-9.22576771e-09
6.56040484e-08
-1.01315067e-07
1.06044126e-07
-8.93722287e-08
6.41262687e-08
-3.54571874e-08
1.78112725e-09
3.44704176e-08
-6.00926953e-08
6.10199677e-08
-3.68200617e-08
2.86455704e-09
1.87063609e-08
-1.37250833e-08
-1.20455654e-08
3.75140345e-08
-4.33995915e-08
2.29129640e-08
1.80739317e-08
-6.43661906e-08
9.87682256e-08
-1.12395945e-07
1.08276467e-07
-9.33972757e-08
6.85070063e-08
-2.98727159e-08
-1.83012787e-08
5.94881797e-08
-7.75727358e-08
7.14350961e-08
-5.18860901e-08
2.68276512e-08
1.39415635e-09
-2.80536909e-08
4.79953570e-08
-6.09288620e-08
6.72044749e-08
-6.47139018e-08
5.24992849e-08
-3.39028574e-08
1.61452700e-08
-5.70804604e-09
3.62073549e-09
-5.57423752e-09
4.35642056e-09
4.92466024e-09
-1.75200050e-08
2.20654357e-08
-1.43366110e-08
1.40215006e-09
9.08532272e-09
-1.61332938e-08
2.07937187e-08
-2.08304041e-08
1.28860691e-08
2.57031663e-09
-1.97902388e-08
3.09246175e-08
-3.33459447e-08
3.44718352e-08
-4.30056488e-08
5.46518102e-08
-5.52469395e-08
3.77812945e-08
-8.20286772e-09
-2.14118341e-08
3.72901674e-08
-2.88759985e-08
-1.34843609e-10
3.27528547e-08
-2.62866052e-07
7.46852402e-06
-1.39690979e-04
1.60328497e-03
-1.15906261e-02
5.26119135e-02
-1.45975754e-01
2.33038411e-01
-1.42641038e-01
2.32271329e-01
-1.33823127e-01
4.44414839e-02
-8.73375125e-03
1.03033939e-03
-7.14192720e-05
2.62641265e-06
-8.88929108e-09
-3.52355811e-09
-2.06770636e-08
3.03371266e-08
-2.27128893e-08
4.64467576e-09
7.84476395e-09
-2.05764406e-09
-1.81899100e-08
3.59354573e-08
-3.69230762e-08
2.09032098e-08
8.57526605e-10
-1.63520344e-08
2.13616520e-08
-2.17310934e-08
2.74068022e-08
-4.04072580e-08
5.06760927e-08
-4.66570853e-08
2.75703158e-08
-4.86338481e-09
-7.31053174e-09
5.81911186e-09
-2.07415884e-09
6.66178757e-09
-1.51801913e-08
1.77249255e-08
-1.48845407e-08
1.45013974e-08
-1.85140934e-08
1.93292653e-08
-7.79935050e-09
-1.39621550e-08
2.95226208e-08
-2.56518096e-08
9.01011799e-09
4.55239402e-09
-8.90790020e-09
5.29085620e-09
6.23255048e-09
-2.12795879e-08
2.80354815e-08
-1.93151521e-08
2.12931428e-09
1.04154969e-08
-1.39195047e-08
1.42988945e-08
-1.64203389e-08
1.80540614e-08
-1.49590225e-08
6.48160903e-09
4.40495507e-09
-1.46110475e-08
2.33510100e-08
-3.02780698e-08
3.39658541e-08
-3.50843443e-08
3.73714748e-08
-4.20148432e-08
4.45754047e-08
-3.95051813e-08
2.45716620e-08
-1.67786651e-09
-2.23104770e-08
3.71798698e-08
-3.63438701e-08
2.16516423e-08
1.86559049e-11
-2.19043415e-08
3.82502208e-08
-4.56181581e-08
4.60919196e-08
-4.41354793e-08
3.92873964e-08
-2.79518737e-08
1.05393134e-08
9.05153819e-09
-2.61666138e-08
3.42868098e-08
-2.88204927e-08
1.38860594e-08
4.53272003e-10
-7.58733520e-09
8.01643818e-09
-5.43772893e-09
3.50588292e-09
-6.83428114e-09
1.84516527e-08
-3.27099769e-08
3.76590883e-08
-2.86999864e-08
1.47330859e-08
-7.53364393e-09
8.58935412e-09
-1.03992859e-08
8.12319012e-09
-3.21603499e-09
-3.19279758e-09
1.24228094e-08
-2.27264749e-08
2.73781460e-08
-2.10689599e-08
6.94991886e-09
4.15840562e-09
-2.47746623e-09
-1.10052012e-08
2.30226824e-08
-1.93318410e-08
-1.03228115e-09
2.57154795e-08
-4.27804991e-08
4.95444148e-08
-4.87935736e-08
4.28430837e-08
-3.28974643e-08
2.07618882e-08
-8.99381103e-09
-2.20248070e-10
5.38211697e-09
-5.39190914e-09
4.19647983e-10
6.56970611e-09
-1.09374598e-08
1.11547918e-08
-1.11734897e-08
1.52396478e-08
-2.18474145e-08
2.60070330e-08
-2.61663580e-08
2.54496584e-08
-2.64793201e-08
2.81652195e-08
-2.81652266e-08
2.64793325e-08
-2.54494879e-08
2.61616986e-08
-2.59444981e-08
2.13763052e-08
-1.31578499e-08
5.25640553e-09
5.50485990e-10
-6.13546636e-09
1.21818635e-08
-1.46736863e-08
8.61233929e-09
5.33376854e-09
-1.94308996e-08
2.48163694e-08
-1.90556637e-08
7.84931142e-09
9.07998954e-10
-4.64329108e-09
6.71509826e-09
-9.78719150e-09
1.23992079e-08
-1.35660576e-08
1.52985571e-08
-1.77195840e-08
1.62744929e-08
-6.20390672e-09
-1.16454366e-08
2.92302609e-08
-3.59119419e-08
2.65766236e-08
-5.75893022e-09
-1.57934021e-08
2.85921296e-08
-3.05337089e-08
2.65787428e-08
-2.20624052e-08
1.81321766e-08
-1.41792738e-08
1.08166081e-08
-8.56128946e-09
6.42849729e-09
-3.42305362e-09
-6.18864057e-11
3.15066639e-09
-5.83823390e-09
8.32109315e-09
-9.28976363e-09
6.40377440e-09
9.87185667e-10
-1.00939186e-08
1.59567239e-08
-1.51957611e-08
9.17304455e-09
-2.87278468e-09
3.89754257e-10
-1.94020600e-09
4.37678871e-09
-3.63764485e-09
-2.05652273e-09
1.03695985e-08
-1.68892011e-08
1.89178966e-08
-1.67594596e-08
1.23602781e-08
-7.68226993e-09
3.88515886e-09
-1.28535715e-09
-3.60915742e-10
1.56497937e-09
-2.55522070e-09
2.89459479e-09
-2.05209671e-09
1.09138587e-10
2.40459008e-09
-4.89390173e-09
6.89363988e-09
-8.37292546e-09
9.55144408e-09
-1.02696056e-08
1.02093622e-08
-9.43851131e-09
7.95950150e-09
-5.58697399e-09
2.93486391e-09
-1.27706523e-09
1.01266340e-09
-1.34024769e-09
1.28907007e-09
-1.81247350e-10
-2.29018937e-09
5.45416112e-09
-7.63972974e-09
7.54350804e-09
-5.35546452e-09
2.17961538e-09
1.21416932e-09
-4.44783055e-09
6.70489975e-09
-7.01350533e-09
5.51416557e-09
-3.37065753e-09
1.31014710e-09
7.16555926e-10
-2.52406918e-09
3.56962371e-09
-5.20276844e-09
5.25924619e-08
-9.28858867e-07
1.06845700e-05
-7.75763183e-05
3.53359239e-04
-9.82638798e-04
1.57061755e-03
-9.61015059e-04
1.56897213e-03
-9.04568762e-04
3.00511252e-04
-5.90702402e-05
6.96995721e-06
-4.83743293e-07
1.84907520e-08
-9.60588498e-10
1.16471954e-09
-1.60890334e-09
1.95328176e-09
-2.38510300e-09
2.82553114e-09
-2.61746980e-09
1.25428334e-09
7.54174945e-10
-2.52219512e-09
4.05208223e-09
-5.76776182e-09
7.08739689e-09
-6.82930734e-09
4.95328445e-09
-2.57691557e-09
2.43327608e-10
2.42957832e-09
-5.12056531e-09
6.27700647e-09
-4.94928853e-09
2.17357399e-09
1.96832411e-10
-1.29023214e-09
1.34029254e-09
-1.01266417e-09
1.27706523e-09
-2.93486391e-09
5.58697399e-09
-7.95950150e-09
9.43851131e-09
-1.02093622e-08
1.02696056e-08
-9.55144408e-09
8.37292546e-09
-6.89363988e-09
4.89390173e-09
-2.40459008e-09
-1.09138587e-10
2.05209671e-09
-2.89459479e-09
2.55522070e-09
-1.56497937e-09
3.60915742e-10
1.28535715e-09
-3.88515886e-09
7.68226993e-09
-1.23602781e-08
1.67594596e-08
-1.89178966e-08
1.68892011e-08
-1.03695985e-08
2.05652273e-09
3.63764330e-09
-4.37669989e-09
1.93797312e-09
-3.60997704e-10
2.67296052e-09
-8.42529246e-09
1.36797169e-08
-1.45794079e-08
1.05415872e-08
-2.89949487e-09
-6.80832191e-09
1.53459929e-08
-1.84472491e-08
1.51842414e-08
-8.98686103e-09
3.92163590e-09
-1.74127246e-09
1.33938571e-09
7.87422141e-11
-3.89811783e-09
8.46510329e-09
-1.19012888e-08
1.49591024e-08
-1.95650252e-08
2.58171848e-08
-3.12459463e-08
3.24976099e-08
-2.77496355e-08
1.82678477e-08
-8.37636094e-09
2.81396928e-09
-2.64319189e-09
4.97416819e-09
-6.73087985e-09
6.54760202e-09
-4.46418369e-09
1.85983018e-09
-2.34266606e-10
1.01417388e-10
-1.80863302e-09
5.28963628e-09
-8.89747565e-09
1.07093960e-08
-1.05300604e-08
9.52524459e-09
-8.40800318e-09
6.16594553e-09
-1.00431374e-09
-6.67014133e-09
1.29583038e-08
-1.36303182e-08
9.49408285e-09
-7.75962583e-09
1.48352353e-08
-2.72327938e-08
3.40236355e-08
-2.96054523e-08
1.96519601e-08
-1.33918503e-08
1.39593865e-08
-1.70869221e-08
1.66571024e-08
-1.06395230e-08
1.55903213e-09
7.62908225e-09
-1.51809569e-08
1.88133047e-08
-1.62421525e-08
8.61127258e-09
-1.38070000e-09
-1.18074286e-10
-4.51692150e-09
1.11987344e-08
-1.43287489e-08
8.83714435e-09
5.97078254e-09
-2.23863346e-08
2.90685538e-08
-2.31612951e-08
1.31048514e-08
-6.51122400e-09
1.60086766e-09
4.89782082e-09
-8.52752535e-09
3.03441494e-09
9.19551280e-09
-1.92891552e-08
2.15146851e-08
-1.72644583e-08
1.22029400e-08
-1.00487885e-08
8.14912138e-09
-1.95932870e-09
-6.80698520e-09
1.10562608e-08
-5.86700910e-09
-8.06624101e-09
2.54811052e-08
-3.85816712e-08
4.15837071e-08
-3.63345478e-08
3.16536699e-08
-3.42417188e-08
4.10457766e-08
-4.33618652e-08
3.75404490e-08
-2.91723570e-08
2.79597270e-08
-3.86259273e-08
5.38929612e-08
-5.76192036e-08
3.85566814e-08
-1.67578518e-09
-3.34301049e-08
4.62499514e-08
-3.21062821e-08
5.60608893e-09
1.53007100e-08
-2.45276244e-08
2.44968650e-08
-1.74173849e-08
6.72692924e-09
1.06024178e-09
-1.78325055e-09
-4.16372981e-09
1.45623806e-08
-2.46363427e-08
2.77857701e-08
-2.20192451e-08
1.06455662e-08
3.35177952e-09
-1.62339138e-08
2.00760883e-08
-9.50764534e-09
-9.86231541e-09
2.72084044e-08
-3.97187812e-08
5.22840402e-08
-6.52581633e-08
7.30212122e-08
-7.41412194e-08
7.31111811e-08
-7.32144159e-08
7.41720427e-08
-7.38078398e-08
6.79351189e-08
-5.19909484e-08
2.58638249e-08
3.90731758e-09
-2.65375721e-08
3.19468541e-08
-1.83959159e-08
-3.29999805e-09
1.85214333e-08
-2.12481588e-08
1.33411255e-08
1.68366043e-09
-1.68812608e-08
2.26452084e-08
-1.72188681e-08
9.26147781e-09
-5.66918956e-09
4.13625623e-09
4.32814340e-11
-6.28082653e-09
1.04002371e-08
-1.22150494e-08
1.82886808e-08
-3.22403260e-08
4.54915359e-08
-4.68899444e-08
3.69991753e-08
-2.39417304e-08
1.33819018e-08
-9.44683265e-09
1.39289726e-08
-1.93093221e-08
1.51689203e-08
-4.92970109e-09
1.99742800e-09
-7.07455960e-09
6.06725736e-09
6.56640342e-09
-1.82719617e-08
1.63505653e-08
-4.28084590e-09
-7.43404849e-09
2.20907637e-07
-7.35169897e-06
1.38327072e-04
-1.58812129e-03
1.14809014e-02
-5.21123372e-02
1.44586593e-01
-2.30818063e-01
1.41282469e-01
-2.30053306e-01
1.32544354e-01
-4.40166220e-02
8.65019765e-03
-1.02044677e-03
7.07095824e-05
-2.57554734e-06
-3.31310126e-08
6.82065888e-08
-5.86960489e-08
4.07113134e-08
-9.90748816e-09
-2.47780712e-08
4.35418954e-08
-3.54330183e-08
8.87373908e-09
1.93881000e-08
-3.77912208e-08
4.00586586e-08
-2.21577352e-08
-1.15699077e-08
4.48820394e-08
-6.18275209e-08
5.94061440e-08
-4.36570353e-08
1.94609342e-08
1.10613128e-08
-4.33041798e-08
6.76401726e-08
-7.40732133e-08
5.92677090e-08
-3.11407433e-08
8.73828121e-09
-9.72581660e-09
2.99290832e-08
-4.25388791e-08
2.72351723e-08
5.03195885e-09
-2.55299568e-08
2.13566249e-08
-4.23703606e-09
-1.16895222e-08
2.68504277e-08
-4.75609774e-08
7.10712911e-08
-8.55919140e-08
8.09070997e-08
-5.57429942e-08
1.70953101e-08
2.47347991e-08
-6.01442309e-08
8.09609730e-08
-8.09488014e-08
6.13084126e-08
-3.42435165e-08
1.22552253e-08
4.49534365e-09
-2.17897966e-08
3.75436073e-08
-4.38074892e-08
3.81573599e-08
-2.48205243e-08
7.43947792e-09
1.15068666e-08
-2.64148063e-08
3.20270743e-08
-3.00508596e-08
2.66705413e-08
-2.51808707e-08
2.29202328e-08
-1.35827527e-08
-5.35693045e-09
2.55549484e-08
-3.08914991e-08
9.45451006e-09
3.42594326e-08
-7.56451328e-08
8.54000177e-08
-5.65751925e-08
1.22861206e-08
1.79168342e-08
-2.47170888e-08
1.86446467e-08
-1.03631370e-08
1.91102778e-09
6.07201178e-09
-1.28288367e-08
2.18550067e-08
-3.36454384e-08
3.96305602e-08
-3.38351924e-08
1.98554986e-08
-2.69700551e-09
-1.06638787e-08
7.08452497e-09
1.73312049e-08
-4.46249828e-08
5.37241220e-08
-4.34588330e-08
2.58953143e-08
-8.01238365e-09
-1.00973763e-08
2.85695911e-08
-4.57914808e-08
5.81017723e-08
-6.16889793e-08
5.57075523e-08
-4.03266149e-08
1.65133933e-08
7.29441840e-09
-1.66492100e-08
6.67259359e-09
8.34573477e-09
-6.80928913e-09
-1.77815949e-08
4.92077348e-08
-6.78141419e-08
7.34790646e-08
-7.87397738e-08
8.36193053e-08
-7.52122844e-08
5.13348546e-08
-2.56103352e-08
8.53727400e-09
6.00658911e-10
-4.04866274e-09
7.55492002e-10
9.27952115e-09
-2.30834516e-08
3.61589372e-08
-4.45268142e-08
4.85706266e-08
-5.24061861e-08
5.48055077e-08
-4.60206735e-08
2.03993338e-08
1.20212436e-08
-3.38288615e-08
3.83620282e-08
-3.39022606e-08
3.26207292e-08
-4.06731289e-08
5.45558194e-08
-6.17052365e-08
4.92701098e-08
-1.69005716e-08
-2.07053734e-08
4.42388384e-08
-4.21356354e-08
1.70446341e-08
1.44879913e-08
-3.19162723e-08
2.74794907e-08
-1.07066871e-08
-6.26877172e-09
1.82326314e-08
-2.15698233e-08
1.45542796e-08
-3.86524102e-09
-4.21955776e-10
-4.74611506e-09
1.43335477e-08
-1.94325036e-08
1.17900445e-08
7.57318386e-09
-2.37990143e-08
2.07507274e-08
1.77907633e-09
-2.84580679e-08
4.31927418e-08
-4.04180298e-08
2.49823771e-08
-4.75061324e-09
-1.53553223e-08
3.31074439e-08
-4.60365221e-08
5.17902095e-08
-4.97414092e-08
3.89931039e-08
-1.87782732e-08
-4.65581973e-09
1.76456503e-08
-1.31523930e-08
1.13120624e-09
3.49327856e-09
5.14939591e-10
-3.35311068e-09
7.41095407e-10
2.38465625e-09
-1.35305156e-09
-3.33844241e-09
1.04185380e-08
-2.25924861e-08
4.30728981e-08
-6.66810323e-08
7.89121160e-08
-6.80037218e-08
3.73830140e-08
-5.55305313e-09
-6.65305810e-09
-6.06065687e-09
2.44756517e-08
-2.13599414e-08
-7.70107444e-09
4.10445544e-08
-6.15143563e-08
7.22754692e-08
-7.95989976e-08
8.12189356e-08
-7.66255468e-08
7.24797644e-08
-7.16731918e-08
6.57542998e-08
-4.44042527e-08
9.87432092e-09
2.25135004e-08
-3.82661440e-08
3.50325422e-08
-1.99937702e-08
1.27469346e-09
1.58061706e-08
-2.89280262e-08
3.63129509e-08
-3.25879128e-08
1.35166385e-08
1.32314986e-08
-3.23106022e-08
3.87209020e-08
-4.13695922e-08
4.52154545e-08
-4.13571897e-08
2.19827996e-08
4.92486318e-09
-2.37529427e-08
2.49848995e-08
-6.09249229e-09
-2.81658128e-08
6.08883468e-08
-7.13843278e-08
5.49833175e-08
-2.94493976e-08
1.94784278e-08
-3.33404628e-08
5.52461543e-08
-6.59472761e-08
6.49569785e-08
-6.65586768e-08
3.71376274e-07
-1.05120080e-05
1.96558292e-04
-2.25584791e-03
1.63078532e-02
-7.40230829e-02
2.05380514e-01
-3.27871412e-01
2.00687945e-01
-3.26788664e-01
1.88278705e-01
-6.25256002e-02
1.22877173e-02
-1.44969043e-03
1.00581616e-04
-3.76768594e-06
3.58112580e-08
2.39617446e-08
-8.49244941e-09
-1.58300182e-08
4.30375380e-08
-6.49101395e-08
7.13405512e-08
-5.92815752e-08
3.65670516e-08
-1.70863093e-08
1.45855630e-08
-3.20879607e-08
5.43267547e-08
-6.24179322e-08
5.46482291e-08
-4.25253646e-08
3.51952210e-08
-3.67809498e-08
4.71826880e-08
-5.85327804e-08
6.07837620e-08
-5.34788498e-08
4.45352129e-08
-3.86520895e-08
3.29144534e-08
-2.27601191e-08
1.00087396e-08
-3.00236502e-09
5.59254598e-09
-1.11788401e-08
1.35112472e-08
-1.47105297e-08
1.75280377e-08
-2.02557651e-08
2.08453219e-08
-1.73307768e-08
9.41313338e-09
-5.63942537e-09
1.70405876e-08
-3.87500450e-08
5.21203880e-08
-4.79615210e-08
3.42561570e-08
-2.13993232e-08
1.19859314e-08
-3.29400551e-09
-8.29737079e-09
2.35401192e-08
-3.86915993e-08
4.95152008e-08
-5.46433903e-08
5.35014628e-08
-4.58645886e-08
3.48692879e-08
-2.59469211e-08
2.13506972e-08
-1.64735230e-08
3.55884988e-09
1.65256910e-08
-2.99029494e-08
2.52879673e-08
-9.04414676e-09
-3.23107185e-09
4.33429914e-09
1.69710457e-09
-8.87199114e-09
1.40512277e-08
-1.49128283e-08
1.05019220e-08
-2.55371591e-09
-8.51066684e-09
2.39749554e-08
-4.00007991e-08
4.66210146e-08
-3.50919223e-08
5.31405941e-09
3.01855536e-08
-5.18373717e-08
4.91311916e-08
-3.05936112e-08
1.48636179e-08
-1.26477309e-08
1.85447941e-08
-1.99784900e-08
1.27319746e-08
-4.74736028e-09
3.38427864e-09
-5.43746603e-09
4.47002080e-09
-6.27760177e-10
-2.94697555e-09
8.73301520e-09
-2.20817427e-08
3.74446145e-08
-3.74335123e-08
1.53593085e-08
1.19923653e-08
-2.38686777e-08
1.59487961e-08
3.22295879e-09
-2.16403802e-08
2.77732557e-08
-1.78375679e-08
1.21803745e-09
6.80595091e-09
8.99719355e-10
-1.64796496e-08
2.51161687e-08
-1.98774543e-08
6.80232670e-09
2.25318741e-09
2.84428842e-10
-1.15959731e-08
2.22858318e-08
-2.71176077e-08
2.84737460e-08
-3.10618660e-08
3.94214084e-08
-5.71423513e-08
8.07538783e-08
-9.65223066e-08
9.10169220e-08
-6.70083153e-08
4.35726797e-08
-3.57960772e-08
3.85755676e-08
-3.55521657e-08
1.93526084e-08
4.27045510e-09
-2.95839264e-08
5.57141391e-08
-7.54491438e-08
7.49089324e-08
-5.16218357e-08
2.06921680e-08
-1.90006788e-10
-1.24961397e-09
-1.30089735e-08
2.96610132e-08
-3.60614898e-08
3.28738317e-08
-3.04185797e-08
3.26322933e-08
-3.16507851e-08
1.84344149e-08
6.70969191e-09
-3.45907267e-08
5.48336736e-08
-6.37076099e-08
6.54985826e-08
-6.47366463e-08
5.79229607e-08
-3.53591822e-08
-6.79658241e-09
5.49948638e-08
-8.29847977e-08
7.37307033e-08
-3.64723860e-08
-2.46662135e-10
1.41525032e-08
-7.75159847e-09
-2.34205344e-09
1.08027933e-08
-2.54384833e-08
4.56278855e-08
-5.68471243e-08
4.93900743e-08
-2.97867704e-08
1.09682805e-08
3.29862582e-09
-2.05625739e-08
4.49468693e-08
-6.68552360e-08
7.36460777e-08
-6.20809573e-08
3.49781359e-08
1.30732591e-09
-3.12274508e-08
3.75070286e-08
-1.95621812e-08
-5.91364246e-09
2.14670841e-08
-1.96759569e-08
5.30867750e-09
9.19097332e-09
-1.75346653e-08
2.53363215e-08
-3.66475632e-08
4.69514205e-08
-5.45568533e-08
6.29389234e-08
-6.84495305e-08
6.23146121e-08
-4.53101663e-08
2.60167710e-08
-8.63371774e-09
-5.67308867e-09
1.16788907e-08
-4.54849625e-09
-9.50093781e-09
1.33499753e-08
3.23380678e-09
-2.81743482e-08
4.10511767e-08
-4.03872633e-08
4.20331894e-08
-5.32436246e-08
6.35602930e-08
-5.91224136e-08
3.58999941e-08
-1.21300991e-09
-3.17136966e-08
5.02474791e-08
-4.65768935e-08
2.07832915e-08
1.73506329e-08
-5.30845803e-08
7.74577700e-08
-9.14463314e-08
9.79611983e-08
-9.57631912e-08
8.41372980e-08
-6.65497666e-08
4.70775738e-08
-2.88773681e-08
1.57941908e-08
-8.97299834e-09
2.56912602e-09
9.31008071e-09
-2.04472066e-08
1.71396017e-08
1.39359679e-09
-1.80353261e-08
1.90526634e-08
-1.11719736e-08
1.04245670e-08
-1.91202787e-08
2.29083756e-08
-1.29626700e-08
-2.09328399e-09
2.19004917e-07
-7.40769019e-06
1.39429423e-04
-1.60080020e-03
1.15729580e-02
-5.25318868e-02
1.45753816e-01
-2.32684150e-01
1.42424196e-01
-2.31918260e-01
1.33619741e-01
-4.43739817e-02
8.72055348e-03
-1.02886849e-03
7.14075504e-05
-2.70244527e-06
5.86730877e-08
-1.79805220e-08
2.73550054e-08
-3.16033386e-08
1.73157844e-08
1.26386972e-08
-4.08912868e-08
5.36017986e-08
-5.13310923e-08
4.23296740e-08
-3.08331707e-08
1.55004845e-08
2.49462473e-09
-1.59507181e-08
1.87583602e-08
-1.22604487e-08
4.11204271e-09
-4.52164528e-09
2.00361594e-08
-4.66550603e-08
7.29824876e-08
-9.09554956e-08
9.80787576e-08
-9.21568741e-08
7.23103852e-08
-4.43662422e-08
1.99746708e-08
-9.23096088e-09
1.35233886e-08
-2.47601477e-08
3.23702487e-08
-3.19040971e-08
2.76112395e-08
-2.75729199e-08
3.65936046e-08
-5.26768140e-08
6.81170746e-08
-7.44612052e-08
6.88789044e-08
-5.48989085e-08
3.75066342e-08
-2.18428760e-08
1.43249359e-08
-1.81948625e-08
2.90222388e-08
-3.82219270e-08
3.90289010e-08
-2.83130088e-08
6.23662322e-09
2.40226257e-08
-5.69330076e-08
8.48060466e-08
-9.92028859e-08
9.70138814e-08
-8.38397085e-08
6.66760513e-08
-4.89012457e-08
3.60872541e-08
-3.40264563e-08
3.67283697e-08
-3.10052144e-08
1.45218353e-08
3.85959620e-09
-1.81333064e-08
2.78173218e-08
-3.21061826e-08
3.01777980e-08
-2.29286048e-08
1.04268940e-08
7.81641329e-09
-2.81941439e-08
4.30859828e-08
-4.81915379e-08
4.71885713e-08
-4.70201975e-08
5.14128971e-08
-5.98951573e-08
6.76048586e-08
-6.55531096e-08
4.84280740e-08
-2.26520847e-08
6.86081192e-10
1.14536221e-08
-1.64811986e-08
1.91833625e-08
-2.25181260e-08
2.72671148e-08
-3.11023101e-08
3.01624183e-08
-2.43662779e-08
1.80870874e-08
-1.34602391e-08
7.79007259e-09
9.54124071e-11
-6.18159302e-09
6.68063027e-09
-3.99949363e-09
4.90247354e-09
-1.26160637e-08
2.30170247e-08
-3.11612816e-08
3.77135549e-08
-4.41036647e-08
4.65548773e-08
-4.10560332e-08
2.98101774e-08
-1.83222202e-08
9.99592764e-09
-5.81151083e-09
5.56594637e-09
-8.07716205e-09
1.20089485e-08
-1.60003104e-08
1.81437034e-08
-1.77101889e-08
1.62551377e-08
-1.47114054e-08
1.13590417e-08
-4.94987473e-09
-1.48387236e-09
2.97620462e-09
5.96734218e-10
-3.87294818e-09
3.61922514e-09
-1.69020808e-09
-1.60428182e-09
1.04066578e-08
-2.56648391e-08
3.93805699e-08
-4.13772341e-08
3.05535046e-08
-1.54561715e-08
3.37771788e-09
6.66874422e-09
-1.81561912e-08
2.87154212e-08
-3.12117656e-08
2.13473470e-08
-2.30691843e-09
-1.73995396e-08
2.98750926e-08
-3.18416760e-08
2.49933212e-08
-1.51381716e-08
9.04141917e-09
-8.61134186e-09
1.00499360e-08
-1.01802815e-08
9.95492666e-09
-1.13028813e-08
1.43165941e-08
-1.70571290e-08
1.58805680e-08
-8.37031067e-09
-2.66212652e-09
1.17383898e-08
-1.75357098e-08
2.24599344e-08
-2.63355222e-08
2.61941135e-08
-2.12258762e-08
1.26897257e-08
-4.05591033e-10
-1.57480677e-08
3.18465609e-08
-4.13217336e-08
4.01931644e-08
-2.97797378e-08
1.59239164e-08
-5.69149750e-09
2.36199682e-09
-3.28709060e-09
3.35737549e-09
1.75875314e-10
-5.89424376e-09
9.73076464e-09
-8.22147861e-09
9.69692660e-10
9.08524544e-09
-1.72354309e-08
2.00303969e-08
-1.77704713e-08
1.33017108e-08
-8.22691604e-09
1.87160376e-09
5.24276045e-09
-9.19455090e-09
6.60172539e-09
3.86788906e-10
-5.46145884e-09
3.93322086e-09
3.74588893e-09
-1.26584565e-08
1.65764416e-08
-1.21975114e-08
1.94558125e-09
8.29938607e-09
-1.47778261e-08
1.78305992e-08
-1.91874161e-08
1.98400638e-08
-2.01579891e-08
2.02361203e-08
-2.00671675e-08
1.97517025e-08
-1.91914289e-08
1.74975181e-08
-1.34361811e-08
7.00254521e-09
1.06052396e-10
-6.02213301e-09
9.75310943e-09
-1.06193898e-08
8.23705637e-09
-3.47434459e-09
-1.54226443e-09
4.59936089e-09
-4.66814543e-09
2.56349653e-09
-4.18386957e-11
-2.07845607e-09
4.16077972e-09
-6.26497254e-09
7.66435715e-09
-7.77412001e-09
6.59593091e-09
-4.45222792e-09
2.05807549e-09
-5.12811404e-10
3.40226236e-10
-7.55248919e-10
4.90755270e-10
9.75975301e-10
-3.16335269e-09
4.96906116e-09
-5.33555067e-09
4.02513400e-09
-1.86648785e-09
2.14588486e-10
-5.90221275e-12
1.96212291e-09
-3.50162352e-08
6.26255996e-07
-7.22144068e-06
5.25473661e-05
-2.41235481e-04
7.14836409e-04
-1.50759867e-03
1.65508501e-03
0.00000000e+00
0.00000000e+00
0.00000000e+00
0.00000000e+00
