2.84901517e-03
-3.41628096e-03
3.41628096e-03
-2.84901517e-03
1.97781622e-03
-1.13876536e-03
5.40793466e-04
-2.10257538e-04
6.63108949e-05
-1.67810922e-05
3.36539802e-06
-5.25827716e-07
6.09120221e-08
-2.66383005e-09
-4.05952338e-09
7.13959603e-09
-1.02293942e-08
1.19831647e-08
-1.12522098e-08
8.06534661e-09
-3.47142359e-09
-1.23510835e-09
5.26758237e-09
-8.59583071e-09
1.16495560e-08
-1.47870960e-08
1.78905957e-08
-2.02690877e-08
2.08623110e-08
-1.86642382e-08
1.32381848e-08
-5.10164178e-09
-4.23970636e-09
1.26319568e-08
-1.78170456e-08
1.80173707e-08
-1.24592798e-08
1.67205605e-09
1.26135777e-08
-2.78768244e-08
4.11461158e-08
-4.91438428e-08
4.88531597e-08
-3.91694748e-08
2.28616024e-08
-6.63614630e-09
-1.89017357e-09
-1.53609148e-09
1.56410174e-08
-3.48902951e-08
5.24403845e-08
-6.24857392e-08
6.15345712e-08
-4.93012031e-08
2.91513818e-08
-7.17336590e-09
-1.03836477e-08
2.00339585e-08
-2.24095018e-08
2.10665547e-08
-1.95909795e-08
1.90866292e-08
-1.78409607e-08
1.33054021e-08
-4.64935779e-09
-6.34884190e-09
1.67021135e-08
-2.43188456e-08
2.88333943e-08
-3.08501598e-08
3.07893657e-08
-2.84169701e-08
2.32518840e-08
-1.54434989e-08
6.42477627e-09
1.34381151e-09
-5.62928193e-09
5.89534466e-09
-3.82580367e-09
2.22859753e-09
-2.83709056e-09
4.77493556e-09
-5.42555512e-09
3.32415984e-09
-1.54887284e-10
-7.72358622e-10
-1.50989221e-09
3.44203865e-09
7.78620945e-10
-1.45870152e-08
3.65898671e-08
-6.19828242e-08
8.56150280e-08
-1.03886897e-07
1.14864868e-07
-1.17550329e-07
1.11235060e-07
-9.56033972e-08
7.17117743e-08
-4.26849773e-08
1.25977362e-08
1.59047513e-08
-4.24860005e-08
6.68967388e-08
-8.58592273e-08
9.32002919e-08
-8.44780388e-08
6.20492173e-08
-3.49776599e-08
1.31760887e-08
-1.25312727e-09
-2.74261081e-09
4.12067358e-09
-7.71275666e-09
1.57199960e-08
-2.74409029e-08
4.05797600e-08
-5.29624629e-08
6.26481480e-08
-6.64640467e-08
6.00792802e-08
-4.15118571e-08
1.49420636e-08
1.00478017e-08
-2.41441178e-08
2.40169609e-08
-1.34006335e-08
-5.52036861e-10
1.19897701e-08
-1.87570315e-08
2.19834355e-08
-2.43771066e-08
2.83685786e-08
-3.46141995e-08
4.17256736e-08
-4.76653774e-08
5.14471878e-08
-5.32777378e-08
5.33043689e-08
-5.09216207e-08
4.56642262e-08
-3.86078440e-08
3.27015002e-08
-3.16059321e-08
3.76365925e-08
-4.98414288e-08
6.35063770e-08
-7.19193594e-08
6.97155613e-08
-5.58761535e-08
3.45548941e-08
-1.30446347e-08
-2.02962269e-09
7.57592833e-09
-3.90716126e-09
-7.18555215e-09
2.31671393e-08
-3.99074764e-08
5.21426600e-08
-5.67866216e-08
5.60993243e-08
-5.66148977e-08
6.41438547e-08
-7.94150949e-08
9.77432819e-08
-1.11925438e-07
1.15743831e-07
-1.06217144e-07
8.35437604e-08
-4.90734529e-08
4.14720347e-09
4.75197552e-08
-9.60606172e-08
1.26208477e-07
-1.25003879e-07
9.11905644e-08
-3.80185448e-08
-1.37620679e-08
4.79213611e-08
-6.09310007e-08
6.04288957e-08
-5.63078899e-08
5.33961995e-08
-5.21373948e-08
5.38219709e-08
-6.20614244e-08
7.87089931e-08
-1.00426746e-07
1.20242618e-07
-1.31231303e-07
1.28380080e-07
-1.09409839e-07
7.65942332e-08
-3.80334377e-08
5.48253043e-09
1.08952030e-08
-7.51244489e-09
-1.09457972e-08
3.43443070e-08
-5.34526130e-08
6.59383588e-08
-7.69044064e-08
9.25030008e-08
-1.11752179e-07
1.24693003e-07
-1.19859692e-07
9.44021039e-08
-5.67900607e-08
2.02013766e-08
5.10374232e-09
-1.31597666e-08
1.05743192e-10
3.47723166e-08
-8.47638972e-08
1.34916306e-07
-1.68255170e-07
1.74494943e-07
-1.54269443e-07
1.16944733e-07
-7.52371037e-08
4.03267215e-08
-1.91820053e-08
1.42220200e-08
-2.40879814e-08
4.37716920e-08
-6.41690008e-08
7.33535970e-08
-6.09921500e-08
2.42141258e-08
2.85397856e-08
-7.89444456e-08
1.06868868e-07
-1.01623598e-07
6.78758667e-08
-2.06954471e-08
-2.49601761e-08
5.98254886e-08
-7.85643977e-08
7.76544624e-08
-5.73691921e-08
2.39235902e-08
1.25594353e-08
-3.83458882e-08
-3.91376567e-08
1.41144835e-06
-1.62015331e-05
1.37112860e-04
-8.94709083e-04
4.53562802e-03
-1.79142449e-02
5.51290885e-02
-1.31434351e-01
2.38366738e-01
-3.13107669e-01
2.54773617e-01
-2.52333023e-02
2.70430177e-01
-3.09027612e-01
2.25670516e-01
-1.19779967e-01
4.82652523e-02
-1.49846962e-02
3.59424669e-03
-6.64124440e-04
9.40330065e-05
-1.01325841e-05
8.05365687e-07
-1.12410428e-08
-4.06286134e-08
2.64490687e-08
2.57286237e-09
-2.95233296e-08
3.85297270e-08
-2.15457625e-08
-1.58756652e-08
5.80340078e-08
-8.99644377e-08
1.05726855e-07
-1.07356598e-07
9.86682593e-08
-8.22807067e-08
6.13228721e-08
-4.04702369e-08
2.33553710e-08
-9.80468151e-09
-2.76204482e-09
1.46090082e-08
-2.07519602e-08
1.34281901e-08
1.17063568e-08
-5.07014484e-08
9.14936678e-08
-1.19238663e-07
1.23923371e-07
-1.05841551e-07
7.52564233e-08
-4.64510137e-08
3.05500336e-08
-3.15551816e-08
4.63115164e-08
-6.63156428e-08
8.00643178e-08
-7.69545849e-08
5.35391536e-08
-1.90707290e-08
-5.73951420e-09
-6.32821018e-10
4.63205119e-08
-1.19166586e-07
1.93272854e-07
-2.43878077e-07
2.58564938e-07
-2.37832325e-07
1.89171629e-07
-1.22846487e-07
5.15253618e-08
1.02990771e-08
-5.01318915e-08
6.27990389e-08
-5.30348778e-08
3.24261542e-08
-1.21194113e-08
-2.95567615e-09
1.34485338e-08
-2.02136015e-08
2.06412807e-08
-1.03887849e-08
-1.19343264e-08
4.20585557e-08
-7.18407591e-08
9.38130640e-08
-1.04169501e-07
1.01687853e-07
-8.52343760e-08
5.46483783e-08
-1.49145656e-08
-2.26086048e-08
4.62816558e-08
-5.31053104e-08
5.14869107e-08
-5.48003172e-08
7.13963715e-08
-9.86624258e-08
1.24418847e-07
-1.33818830e-07
1.16607495e-07
-7.02305840e-08
-3.79812543e-10
8.22291071e-08
-1.53925924e-07
1.92287416e-07
-1.86510761e-07
1.48284812e-07
-1.05746949e-07
8.39791880e-08
-8.81086564e-08
1.02542153e-07
-1.05418309e-07
8.54976605e-08
-4.84596860e-08
9.29614519e-09
2.09344524e-08
-4.17370707e-08
5.86712261e-08
-7.50655076e-08
8.98802170e-08
-1.02194932e-07
1.14078262e-07
-1.26940066e-07
1.36554149e-07
-1.34529316e-07
1.15500875e-07
-8.15598540e-08
3.92318000e-08
5.89147575e-09
-4.98588015e-08
8.71718626e-08
-1.09690859e-07
1.09488823e-07
-8.21490218e-08
2.86142470e-08
4.24908428e-08
-1.12179748e-07
1.53315625e-07
-1.42023069e-07
7.36870760e-08
2.91609670e-08
-1.26482604e-07
1.82825687e-07
-1.85225844e-07
1.44810372e-07
-8.52387387e-08
2.93583664e-08
9.32011446e-09
-3.02128207e-08
4.38207728e-08
-6.29124983e-08
9.06075925e-08
-1.15327794e-07
1.19292750e-07
-9.51499288e-08
5.56936115e-08
-2.54614445e-08
1.97533083e-08
-3.05770307e-08
3.36210526e-08
-9.84498527e-09
-3.80923559e-08
8.80340707e-08
-1.16161061e-07
1.15847200e-07
-1.02419591e-07
9.95443585e-08
-1.19165627e-07
1.53574376e-07
-1.85718704e-07
2.04977894e-07
-2.12039524e-07
2.10725631e-07
-1.98688568e-07
1.68376758e-07
-1.17273331e-07
5.56288100e-08
-1.86482207e-09
-3.11873443e-08
4.58009275e-08
-5.48706822e-08
6.75264147e-08
-7.89523185e-08
7.46852038e-08
-4.55103262e-08
-1.09569342e-09
4.29319051e-08
-5.57420918e-08
2.64529714e-08
4.07436964e-08
-1.27146450e-07
2.08245069e-07
-2.63081915e-07
2.79868090e-07
-2.57216755e-07
2.02546957e-07
-1.28218034e-07
4.62120617e-08
3.52805039e-08
-1.10807633e-07
1.74593850e-07
-2.19954984e-07
2.41780526e-07
-2.39116787e-07
2.16019799e-07
-1.81102422e-07
1.45913745e-07
-1.21510553e-07
1.14011833e-07
-1.21876269e-07
1.37035030e-07
-1.49134408e-07
1.50013520e-07
-1.36092012e-07
1.08402176e-07
-7.10296746e-08
2.84529413e-08
1.71331962e-08
-6.59340458e-08
1.16571293e-07
-1.61161140e-07
1.85978195e-07
-1.80328229e-07
1.46928272e-07
-1.02812486e-07
6.79985703e-08
-5.21303853e-08
5.12631999e-08
-5.55073498e-08
5.81765747e-08
-5.89394844e-08
6.11477304e-08
-6.74983767e-08
7.76341267e-08
-8.89502942e-08
9.90762956e-08
-1.07389802e-07
1.14810931e-07
-1.23081023e-07
1.33971696e-07
-1.47632377e-07
1.60721882e-07
-1.67150858e-07
1.62593409e-07
-1.48980206e-07
1.33673083e-07
-1.23250743e-07
1.17762497e-07
-1.10910825e-07
9.62104139e-08
-7.43098454e-08
5.50510499e-08
-4.54958773e-08
-7.12813630e-08
1.99434339e-06
-2.29892175e-05
1.94960681e-04
-1.27271772e-03
6.45241980e-03
-2.54854597e-02
7.84293115e-02
-1.86985776e-01
3.39114666e-01
-4.45445955e-01
3.62455428e-01
-3.58950309e-02
3.84734184e-01
-4.39648122e-01
3.21058273e-01
-1.70409530e-01
6.86664507e-02
-2.13185288e-02
5.11341216e-03
-9.44731233e-04
1.33657653e-04
-1.42975769e-05
1.04269702e-06
6.95437095e-08
-1.30304258e-07
1.04010397e-07
-6.07007919e-08
1.76047497e-08
9.71396030e-09
-9.63055147e-09
-2.08183621e-08
7.21146947e-08
-1.23317392e-07
1.51682883e-07
-1.46757429e-07
1.16947291e-07
-8.06905547e-08
4.97553216e-08
-2.16550688e-08
-1.15471606e-08
4.92599597e-08
-7.92033248e-08
8.73037109e-08
-6.87458126e-08
2.96702662e-08
1.89522034e-08
-6.67551348e-08
1.04758286e-07
-1.25351463e-07
1.25566373e-07
-1.10947113e-07
9.38736306e-08
-8.53271516e-08
8.63005454e-08
-8.60507186e-08
6.91125805e-08
-2.66996842e-08
-3.52633620e-08
9.76637509e-08
-1.38911062e-07
1.47494205e-07
-1.27987818e-07
9.73962955e-08
-7.46955990e-08
6.93451767e-08
-7.53048681e-08
7.57061898e-08
-5.70290410e-08
2.20541168e-08
1.16669172e-08
-2.86974036e-08
3.17337019e-08
-3.95942159e-08
6.88120352e-08
-1.17552730e-07
1.66928544e-07
-1.96567498e-07
1.98756950e-07
-1.79407749e-07
1.48121970e-07
-1.09006592e-07
6.00917929e-08
1.07529119e-09
-7.21306321e-08
1.43490013e-07
-1.98831401e-07
2.20223654e-07
-1.98504480e-07
1.42510515e-07
-7.72524871e-08
2.94631715e-08
-1.19763701e-08
2.03113579e-08
-4.21906030e-08
6.84973642e-08
-9.61318634e-08
1.23834582e-07
-1.47188416e-07
1.56815574e-07
-1.41537612e-07
9.61515738e-08
-2.82492270e-08
-4.36104379e-08
1.00449888e-07
-1.33104265e-07
1.44521451e-07
-1.45176045e-07
1.46719088e-07
-1.56478023e-07
1.73342116e-07
-1.86966943e-07
1.82758214e-07
-1.50810067e-07
9.18625815e-08
-1.54524056e-08
-6.62863044e-08
1.42476637e-07
-2.04112638e-07
2.45172458e-07
-2.64610890e-07
2.65772883e-07
-2.52847286e-07
2.28676157e-07
-1.96529840e-07
1.62619827e-07
-1.34686090e-07
1.17298988e-07
-1.09480027e-07
1.07873966e-07
-1.11805328e-07
1.24124554e-07
-1.46763526e-07
1.75890989e-07
-2.01677480e-07
2.12932619e-07
-2.03242891e-07
1.75133266e-07
-1.39523110e-07
1.09095097e-07
-8.92624925e-08
7.53892593e-08
-6.02513808e-08
4.39064642e-08
-3.48076163e-08
4.13678620e-08
-6.34384278e-08
9.15028266e-08
-1.12811811e-07
1.18912261e-07
-1.10204105e-07
9.55980966e-08
-8.69089618e-08
9.04460578e-08
-1.01800808e-07
1.08709976e-07
-9.98234100e-08
7.18606401e-08
-3.03931280e-08
-1.39065328e-08
4.93956200e-08
-6.66731097e-08
6.18146032e-08
-3.86800600e-08
6.97181735e-09
2.43067362e-08
-5.20656691e-08
7.71429143e-08
-9.79330537e-08
1.08226374e-07
-1.02007760e-07
7.87720751e-08
-4.30786500e-08
1.34788347e-10
4.63341827e-08
-9.15720690e-08
1.26525791e-07
-1.38985740e-07
1.19738147e-07
-6.90965436e-08
-1.33772915e-09
7.28235818e-08
-1.27183597e-07
1.54859180e-07
-1.58907881e-07
1.49875063e-07
-1.32975998e-07
9.99861314e-08
-3.74892153e-08
-5.46358443e-08
1.54601224e-07
-2.30297417e-07
2.59332950e-07
-2.38805143e-07
1.79988888e-07
-9.84091528e-08
9.96404736e-09
6.73832616e-08
-1.14650490e-07
1.20064300e-07
-8.87429081e-08
4.35307399e-08
-1.29454287e-08
1.33229658e-08
-3.80192589e-08
6.17008951e-08
-5.64415821e-08
8.38438829e-09
7.50471543e-08
-1.70073037e-07
2.49055830e-07
-2.92311967e-07
2.92460498e-07
-2.51156393e-07
1.74687514e-07
-7.41717443e-08
-3.18202638e-08
1.19442149e-07
-1.68594227e-07
1.71821156e-07
-1.35435059e-07
7.35076426e-08
-1.24594279e-09
-6.83837840e-08
1.25641009e-07
-1.64069547e-07
1.80104209e-07
-1.73135618e-07
1.46652468e-07
-1.08941194e-07
7.09823382e-08
-4.15772270e-08
2.28992558e-08
-1.02175761e-08
-3.24437210e-09
1.96574526e-08
-3.38988713e-08
3.77524323e-08
-2.71869460e-08
5.67226088e-09
1.87299936e-08
-3.80761769e-08
4.65653933e-08
-4.05466309e-08
1.94313952e-08
1.26371811e-08
-4.75330246e-08
7.76901175e-08
-1.00842797e-07
1.19437004e-07
-1.34243450e-07
1.39105367e-07
-1.23904229e-07
8.42155288e-08
-2.89920923e-08
-1.66294214e-08
-5.71499328e-08
1.46347395e-06
-1.64526682e-05
1.38739051e-04
-9.04771267e-04
4.58622258e-03
-1.81140006e-02
5.57442605e-02
-1.32902041e-01
2.41029799e-01
-3.16606283e-01
2.57619023e-01
-2.55104396e-02
2.73457229e-01
-3.12489986e-01
2.28200033e-01
-1.21122845e-01
4.88063246e-02
-1.51525196e-02
3.63431824e-03
-6.71381946e-04
9.49829191e-05
-1.02332815e-05
8.68715802e-07
-9.28735560e-08
3.20176596e-08
-2.13884217e-08
2.97199652e-08
-5.11622105e-08
6.94258731e-08
-6.88257202e-08
4.57049047e-08
-9.41910550e-09
-2.65991371e-08
5.50078774e-08
-7.72908280e-08
9.76399477e-08
-1.14798013e-07
1.20626609e-07
-1.07401945e-07
7.65718227e-08
-3.96310220e-08
9.59358548e-09
8.58930438e-09
-1.91749798e-08
2.83297403e-08
-3.76033533e-08
4.48511770e-08
-4.87661680e-08
4.94313745e-08
-4.48220483e-08
3.02904795e-08
-4.36311209e-09
-2.54164014e-08
4.52148896e-08
-4.55670559e-08
2.94779952e-08
-9.97244154e-09
4.76611584e-10
-6.78479228e-09
2.47091752e-08
-4.27273044e-08
4.85568172e-08
-3.69956155e-08
1.31463116e-08
1.23789716e-08
-3.15889359e-08
4.25675957e-08
-4.64298431e-08
4.32259313e-08
-3.16697317e-08
1.16830492e-08
1.41174770e-08
-4.14387173e-08
6.62595880e-08
-8.61432241e-08
1.00749915e-07
-1.11417577e-07
1.19247630e-07
-1.22512972e-07
1.16003847e-07
-9.39527141e-08
5.49838433e-08
-5.56720581e-09
-4.08122460e-08
6.90270596e-08
-6.94154565e-08
4.22557633e-08
2.97680747e-09
-5.24806332e-08
9.39232052e-08
-1.20244096e-07
1.29878998e-07
-1.23994425e-07
1.03731132e-07
-7.02919607e-08
2.73907172e-08
1.70132211e-08
-5.20420365e-08
6.82673758e-08
-6.28376071e-08
4.16257251e-08
-1.59695031e-08
-4.06304412e-09
1.49329580e-08
-2.02269064e-08
2.71290084e-08
-4.09908942e-08
6.06747648e-08
-7.81369422e-08
8.40553795e-08
-7.55941230e-08
5.87721090e-08
-4.27797140e-08
3.22583062e-08
-2.51074876e-08
1.63077480e-08
-2.43608911e-09
-1.65206888e-08
3.70435345e-08
-5.26799298e-08
5.67813849e-08
-4.75456048e-08
3.13394928e-08
-1.95628651e-08
1.97488994e-08
-2.81400361e-08
3.12333377e-08
-1.61083982e-08
-1.92228775e-08
6.43900293e-08
-1.04315845e-07
1.28132498e-07
-1.32617117e-07
1.20288334e-07
-9.62860582e-08
6.65972522e-08
-3.73311693e-08
1.40162850e-08
-5.80825721e-10
-1.78204718e-09
-4.75035478e-09
1.55081850e-08
-2.60216950e-08
3.47646179e-08
-4.32473506e-08
5.31873816e-08
-6.39314877e-08
7.30467065e-08
-7.89800438e-08
8.22949033e-08
-8.43219965e-08
8.54979518e-08
-8.54932196e-08
8.42863273e-08
-8.21112422e-08
7.82413849e-08
-7.06807839e-08
5.77968464e-08
-4.01307823e-08
2.02091837e-08
-9.50238777e-10
-1.48864547e-08
2.37908004e-08
-2.16983924e-08
7.01734848e-09
1.59152336e-08
-3.73091140e-08
4.73660968e-08
-4.24916280e-08
2.68344422e-08
-8.10091638e-09
-8.04644351e-09
2.01540331e-08
-2.92675360e-08
3.65316204e-08
-4.21297415e-08
4.47514878e-08
-4.10487218e-08
2.67497704e-08
-5.08014297e-10
-3.20718989e-08
5.86695421e-08
-6.62680932e-08
4.92528329e-08
-1.34406788e-08
-2.72471556e-08
5.89723754e-08
-7.48898472e-08
7.63112524e-08
-6.88626756e-08
5.79650390e-08
-4.68265746e-08
3.66760950e-08
-2.75142842e-08
1.87204385e-08
-9.70887726e-09
4.63712430e-10
8.36660075e-09
-1.55526010e-08
1.92199714e-08
-1.71264514e-08
7.99257904e-09
6.64930555e-09
-2.19548788e-08
3.19134124e-08
-3.30474066e-08
2.67195173e-08
-1.79198878e-08
1.13741638e-08
-8.11425949e-09
5.18231724e-09
1.48645274e-09
-1.34231897e-08
2.80913746e-08
-4.04905478e-08
4.63720689e-08
-4.45126318e-08
3.67227315e-08
-2.62276547e-08
1.59060196e-08
-7.37823136e-09
1.06926845e-09
3.16014548e-09
-5.37487654e-09
5.36168043e-09
-2.92000757e-09
-1.71820014e-09
7.77274067e-09
-1.41960159e-08
2.00781294e-08
-2.48460719e-08
2.81732877e-08
-2.97975600e-08
2.94687830e-08
-2.70599152e-08
2.27710935e-08
-1.73259505e-08
1.19182602e-08
-7.69370079e-09
5.01950215e-09
-3.17666915e-09
8.14047774e-10
3.11690385e-09
-8.53034443e-09
1.40014889e-08
-1.74165891e-08
1.71341075e-08
-1.28465789e-08
5.60106228e-09
2.77510659e-09
-1.02746265e-08
1.51787720e-08
-1.65306684e-08
1.44531267e-08
-9.93639038e-09
3.72851927e-09
1.10011449e-08
-1.15082571e-07
9.34289574e-07
-6.06174854e-06
3.07460541e-05
-1.21595505e-04
3.74631927e-04
-8.93949298e-04
1.62215414e-03
-2.13116221e-03
1.73310156e-03
-1.68333281e-04
1.84443383e-03
-2.11001933e-03
1.54168438e-03
-8.18568515e-04
3.29924864e-04
-1.02450358e-04
2.45783212e-05
-4.54363089e-06
6.46302112e-07
-7.40141388e-08
1.16573728e-08
-7.17329129e-09
6.71766243e-09
-5.13138909e-09
1.93792449e-09
2.50917909e-09
-7.50004503e-09
1.22697390e-08
-1.59992553e-08
1.77582162e-08
-1.68119332e-08
1.30916948e-08
-7.26024041e-09
3.83938104e-10
6.25486418e-09
-1.11534249e-08
1.29537465e-08
-1.12723741e-08
7.17079951e-09
-2.56981703e-09
-9.89944460e-10
3.22126303e-09
-5.02828712e-09
7.69502506e-09
-1.19184111e-08
1.73259647e-08
-2.27710935e-08
2.70599152e-08
-2.94687830e-08
2.97975600e-08
-2.81732877e-08
2.48460719e-08
-2.00781294e-08
1.41960159e-08
-7.77274067e-09
1.71820014e-09
2.92000757e-09
-5.36168043e-09
5.37487654e-09
-3.16014548e-09
-1.06926845e-09
7.37823136e-09
-1.59060196e-08
2.62276547e-08
-3.67227315e-08
4.45126318e-08
-4.63720689e-08
4.04905691e-08
-2.80916481e-08
1.34255140e-08
-1.50109847e-09
-5.11301979e-09
7.86625076e-09
-1.07004841e-08
1.65376512e-08
-2.46183962e-08
3.07791268e-08
-3.02450260e-08
2.06654480e-08
-3.53977958e-09
-1.62504232e-08
3.23764695e-08
-3.99267428e-08
3.78766174e-08
-2.93071611e-08
1.89379783e-08
-9.90163063e-09
2.32840502e-09
5.47486501e-09
-1.48387702e-08
2.57709338e-08
-3.77473874e-08
5.06537212e-08
-6.42920810e-08
7.69472734e-08
-8.49639576e-08
8.44295585e-08
-7.39716199e-08
5.64348994e-08
-3.78186051e-08
2.39327580e-08
-1.71930807e-08
1.59261031e-08
-1.63696843e-08
1.54553881e-08
-1.23891768e-08
8.48018811e-09
-5.91754867e-09
6.45157039e-09
-1.05122080e-08
1.69455827e-08
-2.35179787e-08
2.80506960e-08
-2.93704581e-08
2.72193894e-08
-2.14115481e-08
1.15850476e-08
1.71733694e-09
-1.58595874e-08
2.69854592e-08
-3.32343788e-08
3.72657176e-08
-4.44493047e-08
5.72982657e-08
-7.17512307e-08
8.00444582e-08
-7.78211131e-08
6.80254786e-08
-5.75818149e-08
5.07191160e-08
-4.57680365e-08
3.77645790e-08
-2.33498678e-08
3.44309337e-09
1.74631118e-08
-3.36645698e-08
4.07410639e-08
-3.77641065e-08
2.83756130e-08
-1.92594118e-08
1.60318763e-08
-1.91678460e-08
2.31340671e-08
-1.97771346e-08
4.18007584e-09
2.08115019e-08
-4.52855389e-08
5.86478777e-08
-5.66878207e-08
4.30496598e-08
-2.48158543e-08
8.08962231e-09
2.50477705e-09
-3.14470761e-09
-7.30927763e-09
2.47294309e-08
-4.10321555e-08
4.94248482e-08
-4.84694240e-08
4.10911021e-08
-3.04282608e-08
1.76412627e-08
-3.91016908e-09
-6.53946275e-09
6.93708868e-09
7.53781126e-09
-3.52540788e-08
6.77893937e-08
-9.45419671e-08
1.09266168e-07
-1.13574671e-07
1.14231426e-07
-1.16413858e-07
1.19426105e-07
-1.19222463e-07
1.14875363e-07
-1.11552957e-07
1.15829529e-07
-1.27074017e-07
1.33558501e-07
-1.18885943e-07
7.52866711e-08
-1.29941933e-08
-4.33917151e-08
7.01715948e-08
-5.97173937e-08
2.36848230e-08
1.68117786e-08
-4.44039543e-08
5.24330659e-08
-4.42788703e-08
2.91320195e-08
-1.72947061e-08
1.59442948e-08
-2.62714721e-08
4.31266542e-08
-5.74933381e-08
6.08463822e-08
-4.93072250e-08
2.55715573e-08
1.81025273e-09
-2.12383817e-08
2.27019115e-08
-2.79962986e-09
-3.36487780e-08
7.74895597e-08
-1.20937813e-07
1.59622829e-07
-1.90887960e-07
2.12734761e-07
-2.25039116e-07
2.30116996e-07
-2.30528485e-07
2.25928616e-07
-2.12014228e-07
1.82815398e-07
-1.35412790e-07
7.44998374e-08
-1.33709941e-08
-3.08052073e-08
4.58672353e-08
-3.22082769e-08
3.15623150e-09
2.26392594e-08
-3.13265041e-08
1.98838741e-08
4.25826219e-09
-2.84834947e-08
4.23124078e-08
-4.27704769e-08
3.39850956e-08
-2.18155201e-08
9.23254984e-09
3.64285002e-09
-1.72364309e-08
3.21230971e-08
-4.99893709e-08
7.21741742e-08
-9.58532951e-08
1.13135485e-07
-1.16111792e-07
1.03462895e-07
-8.19923471e-08
6.18885636e-08
-4.99075128e-08
4.54627020e-08
-4.25983551e-08
3.64316755e-08
-2.74706480e-08
1.87100735e-08
-9.92493998e-09
-1.76450154e-09
1.11567786e-08
7.55848291e-08
-1.45629190e-06
1.62718079e-05
-1.37362309e-04
8.96107347e-04
-4.54263017e-03
1.79419536e-02
-5.52144982e-02
1.31638139e-01
-2.38736480e-01
3.13593447e-01
-2.55168915e-01
2.52724569e-02
-2.70849764e-01
3.09507042e-01
-2.26020515e-01
1.19965561e-01
-4.83398102e-02
1.50075778e-02
-3.59945209e-03
6.64815016e-04
-9.39012243e-05
9.95792379e-06
-7.17427440e-07
1.77834032e-08
-3.14505790e-08
6.13905371e-08
-5.45443584e-08
1.63078457e-08
3.15388782e-08
-6.36894342e-08
6.25313774e-08
-2.50985472e-08
-3.56453889e-08
9.63896269e-08
-1.34258542e-07
1.36335814e-07
-1.02178703e-07
4.04569960e-08
3.48181288e-08
-1.06174532e-07
1.55466424e-07
-1.70266730e-07
1.51481046e-07
-1.15405456e-07
8.50001811e-08
-7.38079606e-08
7.54943983e-08
-7.05960161e-08
4.61667859e-08
-9.23277987e-09
-1.94092244e-08
2.30951240e-08
2.80208967e-10
-4.26519478e-08
9.47386170e-08
-1.48051399e-07
1.91161831e-07
-2.09105636e-07
1.89455392e-07
-1.29976939e-07
4.14483416e-08
5.57309363e-08
-1.38302781e-07
1.87400303e-07
-1.94612042e-07
1.64545312e-07
-1.11336739e-07
5.05668751e-08
6.97609703e-09
-5.50488792e-08
8.82786253e-08
-1.01282545e-07
9.15610130e-08
-6.20342462e-08
2.06015294e-08
2.23290559e-08
-5.70816923e-08
7.80712313e-08
-8.53641993e-08
8.24272632e-08
-7.15477313e-08
5.17412531e-08
-2.23374386e-08
-1.03915863e-08
3.07351762e-08
-2.06223874e-08
-2.62815831e-08
9.42999634e-08
-1.50466633e-07
1.64457106e-07
-1.29319730e-07
6.54087202e-08
-4.36507852e-09
-3.18296216e-08
3.95687856e-08
-2.75322396e-08
6.06817885e-09
1.86509315e-08
-4.42651746e-08
6.86558863e-08
-8.69280399e-08
9.21989098e-08
-8.03668243e-08
5.50373009e-08
-2.83860011e-08
1.62671867e-08
-2.87614199e-08
6.16518534e-08
-9.70111955e-08
1.14657041e-07
-1.04782899e-07
7.07633276e-08
-2.24619789e-08
-3.08667580e-08
8.22812041e-08
-1.25379188e-07
1.53309628e-07
-1.60059159e-07
1.43003604e-07
-1.05545126e-07
5.85007456e-08
-1.74854780e-08
-5.44295631e-09
1.13232570e-08
-1.53606461e-08
3.54796583e-08
-7.75429712e-08
1.31477279e-07
-1.81124420e-07
2.15692751e-07
-2.31328542e-07
2.26000950e-07
-1.98432190e-07
1.52667880e-07
-9.99493750e-08
5.37294227e-08
-2.33724275e-08
1.23373969e-08
-1.97455208e-08
4.16581756e-08
-7.16387092e-08
1.02323298e-07
-1.27860730e-07
1.44697054e-07
-1.49414987e-07
1.36697565e-07
-1.02028409e-07
4.82190075e-08
1.18927899e-08
-6.20330880e-08
9.35548741e-08
-1.10364347e-07
1.22943533e-07
-1.37025239e-07
1.46776145e-07
-1.38334258e-07
1.01512001e-07
-4.08830410e-08
-2.28963692e-08
6.37392574e-08
-6.58903261e-08
3.39006370e-08
1.03051310e-08
-4.13535446e-08
4.52828068e-08
-2.50548204e-08
-5.05604758e-09
2.95910194e-08
-3.96814031e-08
3.60554253e-08
-2.70649352e-08
2.23165362e-08
-2.52787107e-08
3.03602157e-08
-2.74927618e-08
1.15383187e-08
1.08246319e-08
-2.36624622e-08
1.34875933e-08
1.92073681e-08
-5.88478599e-08
8.49352944e-08
-8.43968380e-08
5.68397311e-08
-1.13312897e-08
-4.00010371e-08
8.63377352e-08
-1.19426247e-07
1.33481294e-07
-1.25523286e-07
9.69640084e-08
-5.56221700e-08
1.50509027e-08
1.14701120e-08
-1.91545375e-08
1.41451153e-08
-6.83189461e-09
2.99811864e-09
-1.91269534e-09
1.41528278e-09
-2.46748111e-09
8.81090845e-09
-2.43934331e-08
5.18271754e-08
-9.08761706e-08
1.35379082e-07
-1.71576303e-07
1.82987776e-07
-1.61459241e-07
1.15792183e-07
-6.83504453e-08
3.93973352e-08
-3.11339683e-08
2.62234359e-08
-3.38160122e-09
-4.44028956e-08
1.06072768e-07
-1.64000170e-07
2.06516034e-07
-2.30945076e-07
2.39958183e-07
-2.37714147e-07
2.26684307e-07
-2.04756915e-07
1.66148155e-07
-1.08267841e-07
3.90040000e-08
2.39111255e-08
-6.23300451e-08
6.78726337e-08
-4.48708661e-08
5.79918424e-09
3.51072131e-08
-6.53698606e-08
7.53195906e-08
-5.99745320e-08
2.23279102e-08
2.61687614e-08
-7.11892127e-08
1.02965330e-07
-1.17972320e-07
1.14732870e-07
-9.18125167e-08
5.23310035e-08
-8.89842067e-09
-1.90512566e-08
1.53310324e-08
2.26015562e-08
-7.99323203e-08
1.31069953e-07
-1.54732589e-07
1.48224743e-07
-1.28819195e-07
1.19684472e-07
-1.38147541e-07
3.01095298e-07
-2.28632439e-06
2.33320698e-05
-1.95323271e-04
1.27306487e-03
-6.45274110e-03
2.54858285e-02
-7.84299672e-02
1.86987162e-01
-3.39117140e-01
4.45449144e-01
-3.62457991e-01
3.58952433e-02
-3.84736955e-01
4.39651281e-01
-3.21060538e-01
1.70410693e-01
-6.86668679e-02
2.13185940e-02
-5.11335628e-03
9.44666273e-04
-1.33645954e-04
1.43747357e-05
-1.21731102e-06
1.83366794e-07
-1.59321161e-07
1.70704794e-07
-1.56253236e-07
1.26357548e-07
-1.01556886e-07
9.75996670e-08
-1.15133247e-07
1.40227257e-07
-1.56016597e-07
1.55539226e-07
-1.45053662e-07
1.36846083e-07
-1.39142443e-07
1.50725924e-07
-1.62951494e-07
1.66792759e-07
-1.58976150e-07
1.42163032e-07
-1.20376413e-07
9.57899928e-08
-7.01827503e-08
4.75839919e-08
-3.31661028e-08
2.91445605e-08
-3.30060672e-08
4.02073397e-08
-4.75509268e-08
5.34554552e-08
-5.63297959e-08
5.46154908e-08
-4.94164141e-08
4.66463206e-08
-5.44016885e-08
7.55213208e-08
-1.02300035e-07
1.20522287e-07
-1.20067810e-07
1.01355191e-07
-7.19430702e-08
3.86430088e-08
-3.53782736e-09
-3.39237545e-08
7.27884810e-08
-1.08846393e-07
1.36163990e-07
-1.49915309e-07
1.48528073e-07
-1.34420617e-07
1.12864299e-07
-8.87607925e-08
6.32673718e-08
-3.41079094e-08
7.54596274e-10
3.05785193e-08
-4.91038961e-08
4.84675020e-08
-3.34259447e-08
1.66543366e-08
-8.99865871e-09
1.27473569e-08
-2.25007479e-08
3.02920000e-08
-2.98593967e-08
1.81644140e-08
4.85499552e-09
-3.63380579e-08
6.93295732e-08
-9.20837948e-08
9.12669975e-08
-5.97361804e-08
3.98041777e-09
5.60995623e-08
-9.76528867e-08
1.09036314e-07
-9.61959472e-08
7.56179404e-08
-6.04574097e-08
5.25638697e-08
-4.62388670e-08
3.73050533e-08
-2.70995617e-08
1.88697982e-08
-1.30006690e-08
6.70378064e-09
3.38091799e-09
-1.94684624e-08
4.13098142e-08
-6.35010906e-08
7.48527214e-08
-6.49934293e-08
3.48933931e-08
5.49330581e-11
-1.99046699e-08
1.46827581e-08
9.11313869e-09
-3.42749402e-08
4.53437536e-08
-3.88755979e-08
2.46845797e-08
-1.70887340e-08
2.29073898e-08
-3.63485526e-08
4.51493278e-08
-4.19993818e-08
3.07226742e-08
-2.22724950e-08
2.51991477e-08
-3.95521660e-08
5.89106506e-08
-7.74203599e-08
9.50548511e-08
-1.17129765e-07
1.48932031e-07
-1.89144401e-07
2.26912590e-07
-2.46585699e-07
2.38656355e-07
-2.07896917e-07
1.69749015e-07
-1.37120679e-07
1.10318766e-07
-7.94534429e-08
3.51175409e-08
2.36236186e-08
-8.84345965e-08
1.44771889e-07
-1.76542628e-07
1.73532470e-07
-1.39254297e-07
9.18423737e-08
-5.44891492e-08
4.17509973e-08
-5.22690371e-08
7.29756593e-08
-9.03098751e-08
9.84041364e-08
-9.78135830e-08
8.83960709e-08
-6.57656258e-08
2.55752326e-08
2.97081328e-08
-8.94644643e-08
1.40510679e-07
-1.73734861e-07
1.85363447e-07
-1.72880291e-07
1.32195566e-07
-6.19921394e-08
-2.72976042e-08
1.10326553e-07
-1.57323200e-07
1.53034918e-07
-1.08194669e-07
5.22201873e-08
-1.31722286e-08
2.83654011e-09
-1.75750010e-08
4.80375490e-08
-8.45221919e-08
1.15749472e-07
-1.29432692e-07
1.18333844e-07
-8.47689705e-08
3.71179603e-08
1.73410228e-08
-7.42071364e-08
1.27154081e-07
-1.64393100e-07
1.72456211e-07
-1.44645313e-07
8.74070167e-08
-2.03000230e-08
-3.15619637e-08
5.02494757e-08
-3.54933327e-08
4.39545200e-09
2.03230730e-08
-2.43758542e-08
7.65473995e-09
2.09256736e-08
-5.26919877e-08
8.39203125e-08
-1.14108794e-07
1.42547620e-07
-1.66761481e-07
1.82231616e-07
-1.83148472e-07
1.65439744e-07
-1.30530765e-07
8.60475922e-08
-4.29192895e-08
1.14975505e-08
2.38319631e-09
-1.49149659e-09
-2.07059281e-09
-6.14527318e-09
3.17581517e-08
-6.73751543e-08
1.00773605e-07
-1.26138900e-07
1.45169977e-07
-1.58106360e-07
1.57336160e-07
-1.32114323e-07
7.94531729e-08
-1.05188089e-08
-5.24936290e-08
8.61780975e-08
-7.64453318e-08
2.45842635e-08
5.40344693e-08
-1.37835698e-07
2.08431615e-07
-2.55546837e-07
2.76067283e-07
-2.71023964e-07
2.44198134e-07
-2.02113839e-07
1.53299666e-07
-1.06004599e-07
6.52961916e-08
-3.16993543e-08
3.59194141e-09
1.78275776e-08
-2.68751474e-08
1.89760030e-08
1.95619831e-09
-2.43427998e-08
3.86407635e-08
-4.44199841e-08
4.21304236e-08
5.44331371e-08
-1.44958869e-06
1.63842014e-05
-1.38445728e-04
9.03280103e-04
-4.57911287e-03
1.80863161e-02
-5.56593761e-02
1.32699877e-01
-2.40663290e-01
3.16124916e-01
-2.57227331e-01
2.54716147e-02
-2.73041576e-01
3.12015086e-01
-2.27853313e-01
1.20938957e-01
-4.87323850e-02
1.51297338e-02
-3.62900784e-03
6.70519890e-04
-9.49369496e-05
1.02647728e-05
-8.74126329e-07
6.38274855e-08
3.53093590e-08
-8.91292160e-08
1.23379650e-07
-1.31926797e-07
1.16898875e-07
-8.54840536e-08
4.61196912e-08
-7.92952637e-09
-2.02280503e-08
3.36977912e-08
-3.62141108e-08
3.95205078e-08
-5.70337519e-08
9.53451860e-08
-1.49586867e-07
2.05774185e-07
-2.47627355e-07
2.62929007e-07
-2.47201029e-07
2.05373880e-07
-1.51169132e-07
1.02421282e-07
-7.29584855e-08
6.58863399e-08
-7.35473975e-08
8.45361328e-08
-9.23508807e-08
9.90266784e-08
-1.11444955e-07
1.33887497e-07
-1.62902666e-07
1.88228270e-07
-1.98717800e-07
1.88775033e-07
-1.61227248e-07
1.25809933e-07
-9.48743875e-08
7.80796441e-08
-7.77628415e-08
8.73044499e-08
-9.39206544e-08
8.44192343e-08
-5.06254167e-08
-7.72277442e-09
8.27463467e-08
-1.60344442e-07
2.24193016e-07
-2.61324658e-07
2.67003315e-07
-2.45982989e-07
2.09632063e-07
-1.70994412e-07
1.39581175e-07
-1.17175134e-07
9.75358603e-08
-7.19756983e-08
3.69223088e-08
3.39926842e-09
-4.06197493e-08
6.72633007e-08
-7.89206211e-08
7.38562775e-08
-5.22651824e-08
1.64823746e-08
2.80734387e-08
-7.29718863e-08
1.09629440e-07
-1.33852296e-07
1.48094060e-07
-1.58774057e-07
1.70405059e-07
-1.80995713e-07
1.82314636e-07
-1.65462083e-07
1.28168764e-07
-7.78551055e-08
2.73472995e-08
1.31278632e-08
-4.07781435e-08
5.88373652e-08
-7.16542417e-08
8.08503700e-08
-8.49991082e-08
8.21479347e-08
-7.23308204e-08
5.76247778e-08
-4.03981382e-08
2.24959980e-08
-6.04560713e-09
-6.53933707e-09
1.47093200e-08
-2.15249258e-08
3.19277120e-08
-4.87259832e-08
7.05324936e-08
-9.32665429e-08
1.12482013e-07
-1.24058616e-07
1.24473331e-07
-1.12498881e-07
9.10144280e-08
-6.63450876e-08
4.52497346e-08
-3.20870903e-08
2.78730798e-08
-3.09058592e-08
3.79261955e-08
-4.53079529e-08
5.01808373e-08
-5.11101348e-08
4.78383626e-08
-4.05260465e-08
2.97842320e-08
-1.76594597e-08
7.71885666e-09
-2.91970759e-09
3.05310821e-09
-4.65631622e-09
3.27514416e-09
4.66263650e-09
-2.12278497e-08
4.57130760e-08
-7.25396490e-08
9.18322698e-08
-9.46416492e-08
7.88106078e-08
-4.95925541e-08
1.48957602e-08
1.89931093e-08
-4.71017714e-08
6.34607531e-08
-6.18493559e-08
4.02015239e-08
-4.19118518e-09
-3.41299220e-08
6.21674801e-08
-7.30173397e-08
6.81355559e-08
-5.51266375e-08
4.24325144e-08
-3.47247990e-08
3.20974820e-08
-3.26488880e-08
3.50691813e-08
-3.87008434e-08
4.18700381e-08
-4.11374046e-08
3.29210827e-08
-1.62578644e-08
-6.06121819e-09
2.92423490e-08
-4.91827841e-08
6.33471444e-08
-6.97981619e-08
6.65327349e-08
-5.20688630e-08
2.64190980e-08
8.06968536e-09
-4.59254714e-08
7.87420475e-08
-9.77612515e-08
9.82089006e-08
-8.23255704e-08
5.83547184e-08
-3.57598502e-08
1.99734398e-08
-1.04529594e-08
3.19866400e-09
4.67150008e-09
-1.20718884e-08
1.48125272e-08
-9.11229492e-09
-5.08532993e-09
2.33914133e-08
-3.92423871e-08
4.74065622e-08
-4.61630378e-08
3.69556012e-08
-2.27553159e-08
7.16501969e-09
5.59929347e-09
-1.16434453e-08
9.90352511e-09
-3.95269728e-09
3.71573050e-10
-4.12149115e-09
1.45516053e-08
-2.53974139e-08
2.88959985e-08
-2.09354027e-08
3.42934015e-09
1.75803248e-08
-3.60937378e-08
4.91257950e-08
-5.68177434e-08
6.07720949e-08
-6.25255296e-08
6.29689580e-08
-6.23531804e-08
6.03268475e-08
-5.59358178e-08
4.79473172e-08
-3.56970276e-08
1.99875405e-08
-3.25185723e-09
-1.12270984e-08
2.04886206e-08
-2.28752128e-08
1.86452205e-08
-1.00812674e-08
7.93475841e-10
5.74818193e-09
-7.68774377e-09
5.26672661e-09
-6.46828494e-11
-6.19460572e-09
1.22489583e-08
-1.71509349e-08
2.00237746e-08
-2.02257464e-08
1.77604633e-08
-1.34811415e-08
8.81660345e-09
-5.05998798e-09
2.61539634e-09
-8.04768419e-10
-1.49399926e-09
4.83096541e-09
-8.61245386e-09
1.14289715e-08
-1.20513226e-08
1.07000222e-08
-1.38778979e-08
7.87660781e-08
-6.36232585e-07
4.20078140e-06
-2.18850073e-05
9.05898924e-05
-3.00655171e-04
8.05610151e-04
-1.74726907e-03
3.04178242e-03
-4.19428200e-03
3.94865917e-03
1.07883266e-03
-8.13149149e-04
0.00000000e+00
0.00000000e+00
