-4.15571816e-02
-1.12207225e-02
1.12207225e-02
4.15571816e-02
7.83381611e-02
1.17007464e-01
1.55970708e-01
1.94958955e-01
2.33946681e-01
2.72932231e-01
3.11915189e-01
3.50895256e-01
3.89871985e-01
4.28845048e-01
4.67814028e-01
5.06778598e-01
5.45738459e-01
5.84693134e-01
6.23642385e-01
6.62585616e-01
7.01522708e-01
7.40453124e-01
7.79376626e-01
8.18292797e-01
8.57201159e-01
8.96101534e-01
9.34993446e-01
9.73876476e-01
1.01275039e+00
1.05161476e+00
1.09046936e+00
1.12931347e+00
1.16814709e+00
1.20696962e+00
1.24578071e+00
1.28458023e+00
1.32336760e+00
1.36214244e+00
1.40090454e+00
1.43965340e+00
1.47838867e+00
1.51710999e+00
1.55581701e+00
1.59450936e+00
1.63318658e+00
1.67184865e+00
1.71049500e+00
1.74912512e+00
1.78773880e+00
1.82633555e+00
1.86491501e+00
1.90347707e+00
1.94202113e+00
1.98054707e+00
2.01905394e+00
2.05754232e+00
2.09601092e+00
2.13445973e+00
2.17288876e+00
2.21129727e+00
2.24968481e+00
2.28805113e+00
2.32639599e+00
2.36471891e+00
2.40301943e+00
2.44129729e+00
2.47955227e+00
2.51778364e+00
2.55599165e+00
2.59417558e+00
2.63233471e+00
2.67046928e+00
2.70857882e+00
2.74666286e+00
2.78472090e+00
2.82275224e+00
2.86075759e+00
2.89873576e+00
2.93668652e+00
2.97460985e+00
3.01250529e+00
3.05037189e+00
3.08821034e+00
3.12601924e+00
3.16379881e+00
3.20154881e+00
3.23926830e+00
3.27695704e+00
3.31461525e+00
3.35224199e+00
3.38983750e+00
3.42740083e+00
3.46493173e+00
3.50243044e+00
3.53989601e+00
3.57732821e+00
3.61472654e+00
3.65209103e+00
3.68942118e+00
3.72671628e+00
3.76397610e+00
3.80120111e+00
3.83838964e+00
3.87554216e+00
3.91265821e+00
3.94973755e+00
3.98677993e+00
4.02378416e+00
4.06075096e+00
4.09767914e+00
4.13456917e+00
4.17142010e+00
4.20823193e+00
4.24500322e+00
4.28173494e+00
4.31842661e+00
4.35507727e+00
4.39168692e+00
4.42825556e+00
4.46478224e+00
4.50126648e+00
4.53770924e+00
4.57410908e+00
4.61046505e+00
4.64677811e+00
4.68304682e+00
4.71927166e+00
4.75545216e+00
4.79158783e+00
4.82767868e+00
4.86372423e+00
4.89972353e+00
4.93567657e+00
4.97158337e+00
5.00744247e+00
5.04325581e+00
5.07902050e+00
5.11473799e+00
5.15040684e+00
5.18602753e+00
5.22159863e+00
5.25712156e+00
5.29259443e+00
5.32801771e+00
5.36339045e+00
5.39871264e+00
5.43398428e+00
5.46920490e+00
5.50437307e+00
5.53948975e+00
5.57455492e+00
5.60956764e+00
5.64452696e+00
5.67943287e+00
5.71428537e+00
5.74908400e+00
5.78382874e+00
5.81851864e+00
5.85315466e+00
5.88773489e+00
5.92225933e+00
5.95672798e+00
5.99114084e+00
6.02549696e+00
6.05979633e+00
6.09403896e+00
6.12822437e+00
6.16235161e+00
6.19642115e+00
6.23043203e+00
6.26438379e+00
6.29827738e+00
6.33211088e+00
6.36588526e+00
6.39960003e+00
6.43325329e+00
6.46684647e+00
6.50037861e+00
6.53384972e+00
6.56725979e+00
6.60060692e+00
6.63389254e+00
6.66711521e+00
6.70027590e+00
6.73337317e+00
6.76640701e+00
6.79937696e+00
6.83228207e+00
6.86512327e+00
6.89790010e+00
6.93061256e+00
6.96325874e+00
6.99584007e+00
7.02835512e+00
7.06080437e+00
7.09318638e+00
7.12550116e+00
7.15774918e+00
7.18993044e+00
7.22204304e+00
7.25408745e+00
7.28606462e+00
7.31797266e+00
7.34981203e+00
7.38158178e+00
7.41328192e+00
7.44491243e+00
7.47647238e+00
7.50796223e+00
7.53938150e+00
7.57072973e+00
7.60200691e+00
7.63321209e+00
7.66434479e+00
7.69540644e+00
7.72639561e+00
7.75731087e+00
7.78815269e+00
7.81892204e+00
7.84961748e+00
7.88023949e+00
7.91078663e+00
7.94125986e+00
7.97165775e+00
8.00198078e+00
8.03222847e+00
8.06240082e+00
8.09249592e+00
8.12251568e+00
8.15245914e+00
8.18232536e+00
8.21211433e+00
8.24182606e+00
8.27146053e+00
8.30101681e+00
8.33049488e+00
8.35989380e+00
8.38921452e+00
8.41845703e+00
8.44761944e+00
8.47670174e+00
8.50570488e+00
8.53462791e+00
8.56347084e+00
8.59223270e+00
8.62091351e+00
8.64951229e+00
8.67803097e+00
8.70646763e+00
8.73482132e+00
8.76309299e+00
8.79128265e+00
8.81939030e+00
8.84741402e+00
8.87535381e+00
8.90321064e+00
8.93098354e+00
8.95867157e+00
8.98627567e+00
9.01379585e+00
9.04123020e+00
9.06857872e+00
9.09584332e+00
9.12302113e+00
9.15011406e+00
9.17711926e+00
9.20403862e+00
9.23087215e+00
9.25761795e+00
9.28427601e+00
9.31084824e+00
9.33733177e+00
9.36372662e+00
9.39003468e+00
9.41625404e+00
9.44238377e+00
9.46842384e+00
9.49437618e+00
9.52023888e+00
9.54601192e+00
9.57169437e+00
9.59728718e+00
9.62279034e+00
9.64820194e+00
9.67352200e+00
9.69875240e+00
9.72389030e+00
9.74893665e+00
9.77389145e+00
9.79875469e+00
9.82352352e+00
9.84820175e+00
9.87278557e+00
9.89727879e+00
9.92167759e+00
9.94598293e+00
9.97019386e+00
9.99431133e+00
1.00183353e+01
1.00422649e+01
1.00660982e+01
1.00898380e+01
1.01134825e+01
1.01370316e+01
1.01604862e+01
1.01838446e+01
1.02071056e+01
1.02302713e+01
1.02533417e+01
1.02763138e+01
1.02991905e+01
1.03219690e+01
1.03446512e+01
1.03672361e+01
1.03897219e+01
1.04121113e+01
1.04344015e+01
1.04565935e+01
1.04786882e+01
1.05006828e+01
1.05225792e+01
1.05443773e+01
1.05660744e+01
1.05876722e+01
1.06091709e+01
1.06305695e+01
1.06518679e+01
1.06730642e+01
1.06941624e+01
1.07151585e+01
1.07360544e+01
1.07568493e+01
1.07775431e+01
1.07981348e+01
1.08186245e+01
1.08390121e+01
1.08592978e+01
1.08794804e+01
1.08995619e+01
1.09195404e+01
1.09394159e+01
1.09591894e+01
1.09788580e+01
1.09984245e+01
1.10178862e+01
1.10372438e+01
1.10564985e+01
1.10756493e+01
1.10946960e+01
1.11136370e+01
1.11324730e+01
1.11512041e+01
1.11698313e+01
1.11883516e+01
1.12067680e+01
1.12250776e+01
1.12432823e+01
1.12613811e+01
1.12793741e+01
1.12972603e+01
1.13150406e+01
1.13327131e+01
1.13502808e+01
1.13677397e+01
1.13850927e+01
1.14023380e+01
1.14194746e+01
1.14365053e+01
1.14534273e+01
1.14702415e+01
1.14869480e+01
1.15035467e+01
1.15200367e+01
1.15364170e+01
1.15526896e+01
1.15688534e+01
1.15849085e+01
1.16008539e+01
1.16166897e+01
1.16324177e+01
1.16480350e+01
1.16635427e+01
1.16789417e+01
1.16942282e+01
1.17094049e+01
1.17244720e+01
1.17394285e+01
1.17542744e+01
1.17690105e+01
1.17836342e+01
1.17981482e+01
1.18125505e+01
1.18268423e+01
1.18410206e+01
1.18550882e+01
1.18690443e+01
1.18828888e+01
1.18966227e+01
1.19102421e+01
1.19237518e+01
1.19371471e+01
1.19504309e+01
1.19636011e+01
1.19766579e+01
1.19896030e+01
1.20024357e+01
1.20151558e+01
1.20277615e+01
1.20402527e+01
1.20526333e+01
1.20648975e+01
1.20770512e+01
1.20890894e+01
1.21010132e+01
1.21128235e+01
1.21245213e+01
1.21361017e+01
1.21475687e+01
1.21589222e+01
1.21701593e+01
1.21812849e+01
1.21922941e+01
1.22031879e+01
1.22139664e+01
1.22246323e+01
1.22351799e+01
1.22456150e+01
1.22559328e+01
1.22661362e+01
1.22762232e+01
1.22861958e+01
1.22960520e+01
1.23057919e+01
1.23154163e+01
1.23249245e+01
1.23343153e+01
1.23435917e+01
1.23527508e+01
1.23617935e+01
1.23707218e+01
1.23795309e+01
1.23882246e+01
1.23968019e+01
1.24052620e+01
1.24136038e+01
1.24218311e+01
1.24299393e+01
1.24379311e+01
1.24458065e+01
1.24535646e+01
1.24612045e+01
1.24687271e+01
1.24761333e+01
1.24834204e+01
1.24905910e+01
1.24976425e+01
1.25045776e+01
1.25113935e+01
1.25180941e+01
1.25246754e+01
1.25311384e+01
1.25374832e+01
1.25437107e+01
1.25498190e+01
1.25558090e+01
1.25616817e+01
1.25674353e+01
1.25730705e+01
1.25785875e+01
1.25839863e+01
1.25892668e+01
1.25944281e+01
1.25994692e+01
1.26043940e+01
1.26091995e+01
1.26138859e+01
1.26184540e+01
1.26229019e+01
1.26272326e+01
1.26314430e+01
1.26355352e+01
1.26395073e+01
1.26433611e+01
1.26470947e+01
1.26507111e+01
1.26542072e+01
1.26575842e+01
1.26608419e+01
1.26639805e+01
1.26669998e+01
1.26698990e+01
1.26726789e+01
1.26753407e+01
1.26778812e+01
1.26803036e+01
1.26826067e+01
1.26847897e+01
1.26868534e+01
1.26887970e+01
1.26906223e+01
1.26923275e+01
1.26939125e+01
1.26953783e+01
1.26967249e+01
1.26979513e+01
1.26990576e+01
1.27000456e+01
1.27009125e+01
1.27016611e+01
1.27022896e+01
1.27027988e+01
1.27031870e+01
1.27034569e+01
1.27036066e+01
1.27036362e+01
1.27035475e+01
1.27033367e+01
1.27030087e+01
1.27025595e+01
1.27019901e+01
1.27013016e+01
1.27004938e+01
1.26995659e+01
1.26985197e+01
1.26973524e+01
1.26960659e+01
1.26946602e+01
1.26931353e+01
1.26914892e+01
1.26897249e+01
1.26878414e+01
1.26858377e+01
1.26837139e+01
1.26814709e+01
1.26791086e+01
1.26766262e+01
1.26740246e+01
1.26713037e+01
1.26684637e+01
1.26655045e+01
1.26624250e+01
1.26592274e+01
1.26559105e+01
1.26524734e+01
1.26489182e+01
1.26452427e+01
1.26414490e+01
1.26375360e+01
1.26335030e+01
1.26293516e+01
1.26250820e+01
1.26206923e+01
1.26161842e+01
1.26115570e+01
1.26068115e+01
1.26019468e+01
1.25969639e+01
1.25918617e+01
1.25866413e+01
1.25813017e+01
1.25758438e+01
1.25702677e+01
1.25645723e+01
1.25587597e+01
1.25528288e+01
1.25467787e+01
1.25406103e+01
1.25343256e+01
1.25279217e+01
1.25213995e+01
1.25147581e+01
1.25080004e+01
1.25011244e+01
1.24941301e+01
1.24870195e+01
1.24797907e+01
1.24724436e+01
1.24649801e+01
1.24573994e+01
1.24496994e+01
1.24418840e+01
1.24339514e+01
1.24259005e+01
1.24177322e+01
1.24094467e+01
1.24010458e+01
1.23925285e+01
1.23838921e+01
1.23751402e+01
1.23662720e+01
1.23572865e+01
1.23481855e+01
1.23389683e+01
1.23296347e+01
1.23201857e+01
1.23106194e+01
1.23009357e+01
1.22911377e+01
1.22812243e+01
1.22711935e+01
1.22610483e+01
1.22507877e+01
1.22404118e+01
1.22299204e+01
1.22193146e+01
1.22085924e+01
1.21977558e+01
1.21868038e+01
1.21757374e+01
1.21645555e+01
1.21532593e+01
1.21418505e+01
1.21303253e+01
1.21186867e+01
1.21069336e+01
1.20950661e+01
1.20830841e+01
1.20709887e+01
1.20587797e+01
1.20464582e+01
1.20340214e+01
1.20214720e+01
1.20088100e+01
1.19960346e+01
1.19831448e+01
1.19701443e+01
1.19570293e+01
1.19438009e+01
1.19304619e+01
1.19170103e+01
1.19034472e+01
1.18897696e+01
1.18759813e+01
1.18620806e+01
1.18480673e+01
1.18339453e+01
1.18197088e+01
1.18053637e+01
1.17909050e+01
1.17763357e+01
1.17616558e+01
1.17468662e+01
1.17319641e+01
1.17169523e+01
1.17018299e+01
1.16865978e+01
1.16712551e+01
1.16558027e+01
1.16402397e+01
1.16245680e+01
1.16087866e+01
1.15928965e+01
1.15768957e+01
1.15607862e+01
1.15445681e+01
1.15282402e+01
1.15118055e+01
1.14952612e+01
1.14786091e+01
1.14618483e+01
1.14449806e+01
1.14280033e+01
1.14109201e+01
1.13937292e+01
1.13764296e+01
1.13590240e+01
1.13415108e+01
1.13238907e+01
1.13061628e+01
1.12883301e+01
1.12703915e+01
1.12523460e+01
1.12341938e+01
1.12159357e+01
1.11975737e+01
1.11791058e+01
1.11605301e+01
1.11418514e+01
1.11230669e+01
1.11041794e+01
1.10851860e+01
1.10660868e+01
1.10468845e+01
1.10275784e+01
1.10081682e+01
1.09886551e+01
1.09690371e+01
1.09493160e+01
1.09294920e+01
1.09095659e+01
1.08895359e+01
1.08694029e+01
1.08491688e+01
1.08288307e+01
1.08083916e+01
1.07878513e+01
1.07672091e+01
1.07464657e+01
1.07256193e+01
1.07046728e+01
1.06836262e+01
1.06624794e+01
1.06412315e+01
1.06198835e+01
1.05984354e+01
1.05768871e+01
1.05552387e+01
1.05334902e+01
1.05116434e+01
1.04896975e+01
1.04676542e+01
1.04455109e+01
1.04232693e+01
1.04009295e+01
1.03784914e+01
1.03559561e+01
1.03333235e+01
1.03105927e+01
1.02877655e+01
1.02648411e+01
1.02418194e+01
1.02187014e+01
1.01954880e+01
1.01721773e+01
1.01487713e+01
1.01252689e+01
1.01016731e+01
1.00779810e+01
1.00541935e+01
1.00303116e+01
1.00063353e+01
9.98226452e+00
9.95810032e+00
9.93384171e+00
9.90949059e+00
9.88504505e+00
9.86050606e+00
9.83587456e+00
9.81115055e+00
9.78633404e+00
9.76142597e+00
9.73642540e+00
9.71133232e+00
9.68614864e+00
9.66087341e+00
9.63550663e+00
9.61005116e+00
9.58450317e+00
9.55886555e+00
9.53313732e+00
9.50731945e+00
9.48141193e+00
9.45541477e+00
9.42932987e+00
9.40315437e+00
9.37689209e+00
9.35054111e+00
9.32410145e+00
9.29757309e+00
9.27095795e+00
9.24425602e+00
9.21746635e+00
9.19058990e+00
9.16362762e+00
9.13657856e+00
9.10944366e+00
9.08222198e+00
9.05491543e+00
9.02752304e+00
9.00004578e+00
8.97248363e+00
8.94483852e+00
8.91710758e+00
8.88929272e+00
8.86139393e+00
8.83341217e+00
8.80534744e+00
8.77719975e+00
8.74896812e+00
8.72065544e+00
8.69225979e+00
8.66378212e+00
8.63522434e+00
8.60658360e+00
8.57786179e+00
8.54905987e+00
8.52017689e+00
8.49121475e+00
8.46217155e+00
8.43304920e+00
8.40384674e+00
8.37456512e+00
8.34520531e+00
8.31576633e+00
8.28624916e+00
8.25665379e+00
8.22698021e+00
8.19722939e+00
8.16740131e+00
8.13749695e+00
8.10751629e+00
8.07745743e+00
8.04732418e+00
8.01711464e+00
7.98682880e+00
7.95646811e+00
7.92603254e+00
7.89552259e+00
7.86493778e+00
7.83427906e+00
7.80354643e+00
7.77274132e+00
7.74186182e+00
7.71090984e+00
7.67988491e+00
7.64878750e+00
7.61761904e+00
7.58637714e+00
7.55506420e+00
7.52368116e+00
7.49222708e+00
7.46070147e+00
7.42910624e+00
7.39744043e+00
7.36570549e+00
7.33390045e+00
7.30202723e+00
7.27008533e+00
7.23807430e+00
7.20599508e+00
7.17384863e+00
7.14163399e+00
7.10935211e+00
7.07700348e+00
7.04458761e+00
7.01210594e+00
6.97955847e+00
6.94694424e+00
6.91426516e+00
6.88152122e+00
6.84871149e+00
6.81583786e+00
6.78289986e+00
6.74989843e+00
6.71683311e+00
6.68370438e+00
6.65051222e+00
6.61725807e+00
6.58394146e+00
6.55056286e+00
6.51712275e+00
6.48362112e+00
6.45005798e+00
6.41643476e+00
6.38275051e+00
6.34900665e+00
6.31520176e+00
6.28133821e+00
6.24741554e+00
6.21343422e+00
6.17939377e+00
6.14529562e+00
6.11113882e+00
6.07692575e+00
6.04265451e+00
6.00832653e+00
5.97394180e+00
5.93950129e+00
5.90500402e+00
5.87045145e+00
5.83584404e+00
5.80118084e+00
5.76646328e+00
5.73169231e+00
5.69686604e+00
5.66198635e+00
5.62705326e+00
5.59206820e+00
5.55702972e+00
5.52193880e+00
5.48679590e+00
5.45160151e+00
5.41635561e+00
5.38105822e+00
5.34571075e+00
5.31031275e+00
5.27486467e+00
5.23936701e+00
5.20381975e+00
5.16822338e+00
5.13257885e+00
5.09688568e+00
5.06114483e+00
5.02535534e+00
4.98951960e+00
4.95363569e+00
4.91770601e+00
4.88172960e+00
4.84570742e+00
4.80963993e+00
4.77352667e+00
4.73736811e+00
4.70116568e+00
4.66491795e+00
4.62862730e+00
4.59229279e+00
4.55591488e+00
4.51949406e+00
4.48303032e+00
4.44652462e+00
4.40997696e+00
4.37338781e+00
4.33675718e+00
4.30008650e+00
4.26337433e+00
4.22662258e+00
4.18983078e+00
4.15299988e+00
4.11612988e+00
4.07922029e+00
4.04227304e+00
4.00528717e+00
3.96826386e+00
3.93120313e+00
3.89410520e+00
3.85697103e+00
3.81980038e+00
3.78259325e+00
3.74535108e+00
3.70807338e+00
3.67076111e+00
3.63341355e+00
3.59603238e+00
3.55861688e+00
3.52116776e+00
3.48368573e+00
3.44617105e+00
3.40862393e+00
3.37104416e+00
3.33343315e+00
3.29579043e+00
3.25811696e+00
3.22041249e+00
3.18267775e+00
3.14491296e+00
3.10711861e+00
3.06929517e+00
3.03144240e+00
2.99356151e+00
2.95565248e+00
2.91771531e+00
2.87975073e+00
2.84175873e+00
2.80374050e+00
2.76569557e+00
2.72762442e+00
2.68952775e+00
2.65140557e+00
2.61325860e+00
2.57508731e+00
2.53689122e+00
2.49867153e+00
2.46042824e+00
2.42216158e+00
2.38387227e+00
2.34556055e+00
2.30722666e+00
2.26887083e+00
2.23049402e+00
2.19209576e+00
2.15367723e+00
2.11523819e+00
2.07677937e+00
2.03830099e+00
1.99980330e+00
1.96128690e+00
1.92275190e+00
1.88419878e+00
1.84562790e+00
1.80703962e+00
1.76843429e+00
1.72981250e+00
1.69117427e+00
1.65252018e+00
1.61385036e+00
1.57516551e+00
1.53646564e+00
1.49775136e+00
1.45902312e+00
1.42028105e+00
1.38152552e+00
1.34275699e+00
1.30397582e+00
1.26518238e+00
1.22637701e+00
1.18756008e+00
1.14873207e+00
1.10989308e+00
1.07104373e+00
1.03218424e+00
9.93315041e-01
9.54436421e-01
9.15548921e-01
8.76652718e-01
8.37748289e-01
7.98835993e-01
7.59916186e-01
7.20989168e-01
6.82055354e-01
6.43115163e-01
6.04168773e-01
5.65216839e-01
5.26259542e-01
4.87297267e-01
4.48330402e-01
4.09359366e-01
3.70384395e-01
3.31405967e-01
2.92424440e-01
2.53440142e-01
2.14453429e-01
1.75464734e-01
1.36474371e-01
9.74827111e-02
5.84901460e-02
1.94970295e-02
-1.94962732e-02
-5.84893934e-02
-9.74819586e-02
-1.36473611e-01
-1.75463960e-01
-2.14452669e-01
-2.53439367e-01
-2.92423666e-01
-3.31405222e-01
-3.70383680e-01
-4.09358591e-01
-4.48329687e-01
-4.87296522e-01
-5.26258767e-01
-5.65216064e-01
-6.04168057e-01
-6.43114388e-01
-6.82054579e-01
-7.20988393e-01
-7.59915471e-01
-7.98835218e-01
-8.37747633e-01
-8.76652062e-01
-9.15548205e-01
-9.54435706e-01
-9.93314326e-01
-1.03218353e+00
-1.07104301e+00
-1.10989237e+00
-1.14873135e+00
-1.18755949e+00
-1.22637641e+00
-1.26518166e+00
-1.30397499e+00
-1.34275627e+00
-1.38152468e+00
-1.42028022e+00
-1.45902228e+00
-1.49775052e+00
-1.53646469e+00
-1.57516468e+00
-1.61384964e+00
-1.65251935e+00
-1.69117355e+00
-1.72981167e+00
-1.76843369e+00
-1.80703890e+00
-1.84562707e+00
-1.88419795e+00
-1.92275107e+00
-1.96128607e+00
-1.99980247e+00
-2.03830004e+00
-2.07677865e+00
-2.11523771e+00
-2.15367651e+00
-2.19209528e+00
-2.23049307e+00
-2.26887035e+00
-2.30722570e+00
-2.34555960e+00
-2.38387156e+00
-2.42216086e+00
-2.46042752e+00
-2.49867058e+00
-2.53689051e+00
-2.57508636e+00
-2.61325812e+00
-2.65140510e+00
-2.68952680e+00
-2.72762346e+00
-2.76569462e+00
-2.80373931e+00
-2.84175825e+00
-2.87975001e+00
-2.91771460e+00
-2.95565152e+00
-2.99356079e+00
-3.03144193e+00
-3.06929421e+00
-3.10711789e+00
-3.14491224e+00
-3.18267703e+00
-3.22041178e+00
-3.25811625e+00
-3.29578972e+00
-3.33343244e+00
-3.37104368e+00
-3.40862298e+00
-3.44617009e+00
-3.48368502e+00
-3.52116728e+00
-3.55861592e+00
-3.59603167e+00
-3.63341284e+00
-3.67076015e+00
-3.70807266e+00
-3.74535036e+00
-3.78259277e+00
-3.81979966e+00
-3.85697031e+00
-3.89410496e+00
-3.93120241e+00
-3.96826315e+00
-4.00528669e+00
-4.04227209e+00
-4.07921982e+00
-4.11612892e+00
-4.15299892e+00
-4.18983030e+00
-4.22662163e+00
-4.26337385e+00
-4.30008602e+00
-4.33675671e+00
-4.37338686e+00
-4.40997601e+00
-4.44652367e+00
-4.48302937e+00
-4.51949263e+00
-4.55591345e+00
-4.59229183e+00
-4.62862635e+00
-4.66491747e+00
-4.70116472e+00
-4.73736763e+00
-4.77352571e+00
-4.80963898e+00
-4.84570694e+00
-4.88172913e+00
-4.91770506e+00
-4.95363522e+00
-4.98951817e+00
-5.02535486e+00
-5.06114340e+00
-5.09688473e+00
-5.13257790e+00
-5.16822243e+00
-5.20381880e+00
-5.23936605e+00
-5.27486372e+00
-5.31031179e+00
-5.34570980e+00
-5.38105774e+00
-5.41635466e+00
-5.45160103e+00
-5.48679543e+00
-5.52193832e+00
-5.55702925e+00
-5.59206724e+00
-5.62705278e+00
-5.66198587e+00
-5.69686508e+00
-5.73169088e+00
-5.76646328e+00
-5.80118036e+00
-5.83584309e+00
-5.87045097e+00
-5.90500307e+00
-5.93949986e+00
-5.97394085e+00
-6.00832605e+00
-6.04265404e+00
-6.07692480e+00
-6.11113834e+00
-6.14529467e+00
-6.17939377e+00
-6.21343374e+00
-6.24741554e+00
-6.28133774e+00
-6.31520128e+00
-6.34900522e+00
-6.38274908e+00
-6.41643333e+00
-6.45005751e+00
-6.48362017e+00
-6.51712227e+00
-6.55056190e+00
-6.58394146e+00
-6.61725807e+00
-6.65051174e+00
-6.68370342e+00
-6.71683264e+00
-6.74989748e+00
-6.78289938e+00
-6.81583786e+00
-6.84871101e+00
-6.88152027e+00
-6.91426468e+00
-6.94694376e+00
-6.97955751e+00
-7.01210594e+00
-7.04458714e+00
-7.07700253e+00
-7.10935116e+00
-7.14163303e+00
-7.17384768e+00
-7.20599508e+00
-7.23807383e+00
-7.27008533e+00
-7.30202723e+00
-7.33390045e+00
-7.36570501e+00
-7.39744043e+00
-7.42910624e+00
-7.46070099e+00
-7.49222517e+00
-7.52367973e+00
-7.55506372e+00
-7.58637667e+00
-7.61761761e+00
-7.64878654e+00
-7.67988396e+00
-7.71090984e+00
-7.74186134e+00
-7.77274084e+00
-7.80354643e+00
-7.83427811e+00
-7.86493731e+00
-7.89552259e+00
-7.92603207e+00
-7.95646811e+00
-7.98682833e+00
-8.01711369e+00
-8.04732323e+00
-8.07745743e+00
-8.10751534e+00
-8.13749599e+00
-8.16740131e+00
-8.19722939e+00
-8.22698021e+00
-8.25665379e+00
-8.28624821e+00
-8.31576538e+00
-8.34520435e+00
-8.37456417e+00
-8.40384579e+00
-8.43304825e+00
-8.46217060e+00
-8.49121284e+00
-8.52017689e+00
-8.54905987e+00
-8.57786179e+00
-8.60658264e+00
-8.63522339e+00
-8.66378212e+00
-8.69225979e+00
-8.72065449e+00
-8.74896812e+00
-8.77719975e+00
-8.80534744e+00
-8.83341122e+00
-8.86139297e+00
-8.88929176e+00
-8.91710663e+00
-8.94483757e+00
-8.97248363e+00
-9.00004578e+00
-9.02752209e+00
-9.05491447e+00
-9.08222103e+00
-9.10944271e+00
-9.13657761e+00
-9.16362667e+00
-9.19058990e+00
-9.21746635e+00
-9.24425602e+00
-9.27095795e+00
-9.29757309e+00
-9.32410049e+00
-9.35054016e+00
-9.37689114e+00
-9.40315437e+00
-9.42932892e+00
-9.45541477e+00
-9.48141193e+00
-9.50731850e+00
-9.53313637e+00
-9.55886459e+00
-9.58450317e+00
-9.61005020e+00
-9.63550663e+00
-9.66087341e+00
-9.68614864e+00
-9.71133232e+00
-9.73642445e+00
-9.76142502e+00
-9.78633404e+00
-9.81115055e+00
-9.83587456e+00
-9.86050606e+00
-9.88504505e+00
-9.90949059e+00
-9.93384171e+00
-9.95810032e+00
-9.98226452e+00
-1.00063353e+01
-1.00303116e+01
-1.00541935e+01
-1.00779810e+01
-1.01016731e+01
-1.01252689e+01
-1.01487713e+01
-1.01721773e+01
-1.01954870e+01
-1.02187004e+01
-1.02418184e+01
-1.02648392e+01
-1.02877636e+01
-1.03105927e+01
-1.03333225e+01
-1.03559551e+01
-1.03784914e+01
-1.04009295e+01
-1.04232683e+01
-1.04455099e+01
-1.04676533e+01
-1.04896975e+01
-1.05116434e+01
-1.05334902e+01
-1.05552378e+01
-1.05768862e+01
-1.05984344e+01
-1.06198826e+01
-1.06412306e+01
-1.06624794e+01
-1.06836262e+01
-1.07046728e+01
-1.07256193e+01
-1.07464647e+01
-1.07672091e+01
-1.07878513e+01
-1.08083916e+01
-1.08288307e+01
-1.08491678e+01
-1.08694029e+01
-1.08895350e+01
-1.09095650e+01
-1.09294920e+01
-1.09493160e+01
-1.09690371e+01
-1.09886551e+01
-1.10081682e+01
-1.10275774e+01
-1.10468826e+01
-1.10660858e+01
-1.10851841e+01
-1.11041775e+01
-1.11230669e+01
-1.11418514e+01
-1.11605301e+01
-1.11791039e+01
-1.11975718e+01
-1.12159357e+01
-1.12341938e+01
-1.12523441e+01
-1.12703905e+01
-1.12883301e+01
-1.13061628e+01
-1.13238897e+01
-1.13415098e+01
-1.13590221e+01
-1.13764296e+01
-1.13937292e+01
-1.14109201e+01
-1.14280033e+01
-1.14449806e+01
-1.14618473e+01
-1.14786091e+01
-1.14952612e+01
-1.15118055e+01
-1.15282402e+01
-1.15445681e+01
-1.15607862e+01
-1.15768957e+01
-1.15928965e+01
-1.16087866e+01
-1.16245680e+01
-1.16402397e+01
-1.16558018e+01
-1.16712542e+01
-1.16865978e+01
-1.17018299e+01
-1.17169523e+01
-1.17319641e+01
-1.17468653e+01
-1.17616558e+01
-1.17763357e+01
-1.17909050e+01
-1.18053627e+01
-1.18197088e+01
-1.18339434e+01
-1.18480673e+01
-1.18620806e+01
-1.18759813e+01
-1.18897696e+01
-1.19034472e+01
-1.19170103e+01
-1.19304619e+01
-1.19438009e+01
-1.19570284e+01
-1.19701424e+01
-1.19831448e+01
-1.19960327e+01
-1.20088100e+01
-1.20214720e+01
-1.20340214e+01
-1.20464582e+01
-1.20587797e+01
-1.20709887e+01
-1.20830841e+01
-1.20950651e+01
-1.21069317e+01
-1.21186867e+01
-1.21303234e+01
-1.21418495e+01
-1.21532593e+01
-1.21645555e+01
-1.21757374e+01
-1.21868038e+01
-1.21977558e+01
-1.22085924e+01
-1.22193146e+01
-1.22299204e+01
-1.22404118e+01
-1.22507877e+01
-1.22610483e+01
-1.22711935e+01
-1.22812223e+01
-1.22911367e+01
-1.23009357e+01
-1.23106184e+01
-1.23201838e+01
-1.23296347e+01
-1.23389683e+01
-1.23481855e+01
-1.23572865e+01
-1.23662720e+01
-1.23751402e+01
-1.23838921e+01
-1.23925266e+01
-1.24010458e+01
-1.24094467e+01
-1.24177313e+01
-1.24258986e+01
-1.24339504e+01
-1.24418840e+01
-1.24496994e+01
-1.24573994e+01
-1.24649801e+01
-1.24724436e+01
-1.24797907e+01
-1.24870195e+01
-1.24941301e+01
-1.25011244e+01
-1.25080004e+01
-1.25147581e+01
-1.25213995e+01
-1.25279217e+01
-1.25343256e+01
-1.25406103e+01
-1.25467787e+01
-1.25528288e+01
-1.25587597e+01
-1.25645723e+01
-1.25702677e+01
-1.25758438e+01
-1.25813017e+01
-1.25866413e+01
-1.25918617e+01
-1.25969639e+01
-1.26019468e+01
-1.26068115e+01
-1.26115570e+01
-1.26161842e+01
-1.26206923e+01
-1.26250820e+01
-1.26293516e+01
-1.26335030e+01
-1.26375360e+01
-1.26414490e+01
-1.26452427e+01
-1.26489182e+01
-1.26524734e+01
-1.26559095e+01
-1.26592274e+01
-1.26624250e+01
-1.26655045e+01
-1.26684637e+01
-1.26713037e+01
-1.26740246e+01
-1.26766262e+01
-1.26791086e+01
-1.26814709e+01
-1.26837139e+01
-1.26858377e+01
-1.26878414e+01
-1.26897249e+01
-1.26914892e+01
-1.26931353e+01
-1.26946602e+01
-1.26960659e+01
-1.26973524e+01
-1.26985197e+01
-1.26995659e+01
-1.27004938e+01
-1.27013016e+01
-1.27019901e+01
-1.27025595e+01
-1.27030087e+01
-1.27033367e+01
-1.27035475e+01
-1.27036362e+01
-1.27036066e+01
-1.27034569e+01
-1.27031870e+01
-1.27027988e+01
-1.27022896e+01
-1.27016611e+01
-1.27009125e+01
-1.27000456e+01
-1.26990576e+01
-1.26979513e+01
-1.26967249e+01
-1.26953783e+01
-1.26939125e+01
-1.26923275e+01
-1.26906223e+01
-1.26887970e+01
-1.26868534e+01
-1.26847897e+01
-1.26826067e+01
-1.26803036e+01
-1.26778812e+01
-1.26753407e+01
-1.26726789e+01
-1.26698990e+01
-1.26669998e+01
-1.26639805e+01
-1.26608419e+01
-1.26575842e+01
-1.26542072e+01
-1.26507111e+01
-1.26470947e+01
-1.26433611e+01
-1.26395082e+01
-1.26355352e+01
-1.26314430e+01
-1.26272326e+01
-1.26229019e+01
-1.26184540e+01
-1.26138859e+01
-1.26091995e+01
-1.26043940e+01
-1.25994692e+01
-1.25944281e+01
-1.25892668e+01
-1.25839863e+01
-1.25785875e+01
-1.25730715e+01
-1.25674353e+01
-1.25616817e+01
-1.25558090e+01
-1.25498190e+01
-1.25437107e+01
-1.25374832e+01
-1.25311384e+01
-1.25246754e+01
-1.25180941e+01
-1.25113935e+01
-1.25045776e+01
-1.24976425e+01
-1.24905910e+01
-1.24834204e+01
-1.24761333e+01
-1.24687271e+01
-1.24612045e+01
-1.24535646e+01
-1.24458065e+01
-1.24379311e+01
-1.24299393e+01
-1.24218311e+01
-1.24136038e+01
-1.24052620e+01
-1.23968019e+01
-1.23882246e+01
-1.23795309e+01
-1.23707218e+01
-1.23617945e+01
-1.23527508e+01
-1.23435917e+01
-1.23343153e+01
-1.23249245e+01
-1.23154163e+01
-1.23057919e+01
-1.22960520e+01
-1.22861958e+01
-1.22762232e+01
-1.22661362e+01
-1.22559328e+01
-1.22456150e+01
-1.22351799e+01
-1.22246323e+01
-1.22139673e+01
-1.22031889e+01
-1.21922941e+01
-1.21812859e+01
-1.21701612e+01
-1.21589222e+01
-1.21475687e+01
-1.21361017e+01
-1.21245213e+01
-1.21128235e+01
-1.21010132e+01
-1.20890894e+01
-1.20770512e+01
-1.20648994e+01
-1.20526333e+01
-1.20402527e+01
-1.20277615e+01
-1.20151558e+01
-1.20024357e+01
-1.19896049e+01
-1.19766579e+01
-1.19636011e+01
-1.19504309e+01
-1.19371471e+01
-1.19237518e+01
-1.19102421e+01
-1.18966227e+01
-1.18828888e+01
-1.18690443e+01
-1.18550892e+01
-1.18410225e+01
-1.18268423e+01
-1.18125505e+01
-1.17981482e+01
-1.17836342e+01
-1.17690105e+01
-1.17542744e+01
-1.17394285e+01
-1.17244720e+01
-1.17094059e+01
-1.16942282e+01
-1.16789417e+01
-1.16635427e+01
-1.16480350e+01
-1.16324186e+01
-1.16166916e+01
-1.16008549e+01
-1.15849094e+01
-1.15688543e+01
-1.15526905e+01
-1.15364189e+01
-1.15200377e+01
-1.15035486e+01
-1.14869480e+01
-1.14702415e+01
-1.14534273e+01
-1.14365053e+01
-1.14194746e+01
-1.14023380e+01
-1.13850927e+01
-1.13677397e+01
-1.13502808e+01
-1.13327131e+01
-1.13150406e+01
-1.12972603e+01
-1.12793741e+01
-1.12613811e+01
-1.12432823e+01
-1.12250776e+01
-1.12067680e+01
-1.11883526e+01
-1.11698313e+01
-1.11512041e+01
-1.11324730e+01
-1.11136370e+01
-1.10946960e+01
-1.10756493e+01
-1.10564985e+01
-1.10372438e+01
-1.10178862e+01
-1.09984245e+01
-1.09788580e+01
-1.09591894e+01
-1.09394159e+01
-1.09195414e+01
-1.08995628e+01
-1.08794813e+01
-1.08592978e+01
-1.08390131e+01
-1.08186245e+01
-1.07981348e+01
-1.07775431e+01
-1.07568493e+01
-1.07360554e+01
-1.07151604e+01
-1.06941624e+01
-1.06730661e+01
-1.06518679e+01
-1.06305695e+01
-1.06091709e+01
-1.05876722e+01
-1.05660744e+01
-1.05443773e+01
-1.05225801e+01
-1.05006847e+01
-1.04786892e+01
-1.04565954e+01
-1.04344025e+01
-1.04121113e+01
-1.03897219e+01
-1.03672361e+01
-1.03446522e+01
-1.03219700e+01
-1.02991905e+01
-1.02763138e+01
-1.02533417e+01
-1.02302723e+01
-1.02071056e+01
-1.01838446e+01
-1.01604862e+01
-1.01370316e+01
-1.01134834e+01
-1.00898390e+01
-1.00660992e+01
-1.00422649e+01
-1.00183353e+01
-9.99431229e+00
-9.97019482e+00
-9.94598293e+00
-9.92167854e+00
-9.89727879e+00
-9.87278748e+00
-9.84820175e+00
-9.82352543e+00
-9.79875469e+00
-9.77389145e+00
-9.74893761e+00
-9.72389030e+00
-9.69875240e+00
-9.67352295e+00
-9.64820290e+00
-9.62279129e+00
-9.59728813e+00
-9.57169533e+00
-9.54601288e+00
-9.52023983e+00
-9.49437714e+00
-9.46842575e+00
-9.44238377e+00
-9.41625404e+00
-9.39003468e+00
-9.36372662e+00
-9.33733177e+00
-9.31084919e+00
-9.28427792e+00
-9.25761795e+00
-9.23087215e+00
-9.20403957e+00
-9.17712021e+00
-9.15011406e+00
-9.12302113e+00
-9.09584332e+00
-9.06857967e+00
-9.04123020e+00
-9.01379585e+00
-8.98627663e+00
-8.95867252e+00
-8.93098354e+00
-8.90321064e+00
-8.87535381e+00
-8.84741402e+00
-8.81939030e+00
-8.79128456e+00
-8.76309395e+00
-8.73482227e+00
-8.70646858e+00
-8.67803192e+00
-8.64951324e+00
-8.62091351e+00
-8.59223270e+00
-8.56347179e+00
-8.53462887e+00
-8.50570583e+00
-8.47670269e+00
-8.44762039e+00
-8.41845798e+00
-8.38921642e+00
-8.35989475e+00
-8.33049488e+00
-8.30101681e+00
-8.27146149e+00
-8.24182701e+00
-8.21211529e+00
-8.18232632e+00
-8.15245914e+00
-8.12251568e+00
-8.09249687e+00
-8.06240082e+00
-8.03222847e+00
-8.00198078e+00
-7.97165823e+00
-7.94126034e+00
-7.91078758e+00
-7.88023996e+00
-7.84961796e+00
-7.81892204e+00
-7.78815365e+00
-7.75731087e+00
-7.72639561e+00
-7.69540644e+00
-7.66434574e+00
-7.63321209e+00
-7.60200739e+00
-7.57073069e+00
-7.53938198e+00
-7.50796223e+00
-7.47647333e+00
-7.44491291e+00
-7.41328287e+00
-7.38158226e+00
-7.34981251e+00
-7.31797314e+00
-7.28606558e+00
-7.25408936e+00
-7.22204399e+00
-7.18993044e+00
-7.15775013e+00
-7.12550211e+00
-7.09318638e+00
-7.06080437e+00
-7.02835512e+00
-6.99584007e+00
-6.96325970e+00
-6.93061304e+00
-6.89790154e+00
-6.86512470e+00
-6.83228302e+00
-6.79937696e+00
-6.76640797e+00
-6.73337364e+00
-6.70027733e+00
-6.66711664e+00
-6.63389397e+00
-6.60060835e+00
-6.56726027e+00
-6.53385067e+00
-6.50037956e+00
-6.46684694e+00
-6.43325424e+00
-6.39960003e+00
-6.36588621e+00
-6.33211184e+00
-6.29827785e+00
-6.26438475e+00
-6.23043203e+00
-6.19642115e+00
-6.16235256e+00
-6.12822533e+00
-6.09403944e+00
-6.05979776e+00
-6.02549839e+00
-5.99114227e+00
-5.95672846e+00
-5.92226028e+00
-5.88773489e+00
-5.85315514e+00
-5.81852007e+00
-5.78382921e+00
-5.74908495e+00
-5.71428585e+00
-5.67943335e+00
-5.64452744e+00
-5.60956812e+00
-5.57455587e+00
-5.53949118e+00
-5.50437403e+00
-5.46920538e+00
-5.43398476e+00
-5.39871359e+00
-5.36339092e+00
-5.32801867e+00
-5.29259539e+00
-5.25712204e+00
-5.22160006e+00
-5.18602800e+00
-5.15040731e+00
-5.11473846e+00
-5.07902145e+00
-5.04325628e+00
-5.00744390e+00
-4.97158384e+00
-4.93567705e+00
-4.89972448e+00
-4.86372423e+00
-4.82767963e+00
-4.79158926e+00
-4.75545311e+00
-4.71927261e+00
-4.68304729e+00
-4.64677811e+00
-4.61046553e+00
-4.57410908e+00
-4.53770971e+00
-4.50126743e+00
-4.46478319e+00
-4.42825603e+00
-4.39168787e+00
-4.35507822e+00
-4.31842756e+00
-4.28173590e+00
-4.24500418e+00
-4.20823193e+00
-4.17142057e+00
-4.13456964e+00
-4.09768009e+00
-4.06075191e+00
-4.02378511e+00
-3.98678064e+00
-3.94973850e+00
-3.91265917e+00
-3.87554312e+00
-3.83839059e+00
-3.80120182e+00
-3.76397681e+00
-3.72671700e+00
-3.68942165e+00
-3.65209174e+00
-3.61472750e+00
-3.57732916e+00
-3.53989673e+00
-3.50243115e+00
-3.46493244e+00
-3.42740130e+00
-3.38983798e+00
-3.35224295e+00
-3.31461620e+00
-3.27695799e+00
-3.23926878e+00
-3.20154929e+00
-3.16379929e+00
-3.12601995e+00
-3.08821106e+00
-3.05037284e+00
-3.01250601e+00
-2.97461057e+00
-2.93668747e+00
-2.89873672e+00
-2.86075854e+00
-2.82275343e+00
-2.78472161e+00
-2.74666357e+00
-2.70857954e+00
-2.67047000e+00
-2.63233566e+00
-2.59417629e+00
-2.55599236e+00
-2.51778460e+00
-2.47955298e+00
-2.44129825e+00
-2.40302014e+00
-2.36471963e+00
-2.32639670e+00
-2.28805184e+00
-2.24968553e+00
-2.21129799e+00
-2.17288947e+00
-2.13446069e+00
-2.09601164e+00
-2.05754280e+00
-2.01905489e+00
-1.98054767e+00
-1.94202197e+00
-1.90347779e+00
-1.86491585e+00
-1.82633615e+00
-1.78773940e+00
-1.74912596e+00
-1.71049571e+00
-1.67184949e+00
-1.63318741e+00
-1.59451008e+00
-1.55581760e+00
-1.51711082e+00
-1.47838938e+00
-1.43965411e+00
-1.40090537e+00
-1.36214328e+00
-1.32336831e+00
-1.28458095e+00
-1.24578154e+00
-1.20697033e+00
-1.16814780e+00
-1.12931418e+00
-1.09046996e+00
-1.05161548e+00
-1.01275122e+00
-9.73877311e-01
-9.34994161e-01
-8.96102250e-01
-8.57201934e-01
-8.18293512e-01
-7.79377341e-01
-7.40453899e-01
-7.01523483e-01
-6.62586391e-01
-6.23643041e-01
-5.84693909e-01
-5.45739233e-01
-5.06779373e-01
-4.67814773e-01
-4.28845733e-01
-3.89872730e-01
-3.50895971e-01
-3.11915964e-01
-2.72932976e-01
-2.33947441e-01
-1.94959715e-01
-1.55971467e-01
-1.17008217e-01
-7.83388987e-02
-4.15578373e-02
-1.12210428e-02
1.12210428e-02
4.15578373e-02
