-5.66054523e-01
-1.77008390e-01
1.77008390e-01
5.66054523e-01
1.01127470e+00
1.49049973e+00
1.98210561e+00
2.47677827e+00
2.97198296e+00
3.46723318e+00
3.96245861e+00
4.45764685e+00
4.95279312e+00
5.44789314e+00
5.94294071e+00
6.43793249e+00
6.93286467e+00
7.42773104e+00
7.92252779e+00
8.41724968e+00
8.91189194e+00
9.40645027e+00
9.90091991e+00
1.03952961e+01
1.08895750e+01
1.13837500e+01
1.18778191e+01
1.23717756e+01
1.28656158e+01
1.33593359e+01
1.38529291e+01
1.43463907e+01
1.48397198e+01
1.53329067e+01
1.58259497e+01
1.63188438e+01
1.68115845e+01
1.73041687e+01
1.77965851e+01
1.82888374e+01
1.87809181e+01
1.92728195e+01
1.97645378e+01
2.02560730e+01
2.07474155e+01
2.12385635e+01
2.17295113e+01
2.22202568e+01
2.27107887e+01
2.32011108e+01
2.36912079e+01
2.41810856e+01
2.46707363e+01
2.51601543e+01
2.56493359e+01
2.61382751e+01
2.66269684e+01
2.71154118e+01
2.76035976e+01
2.80915241e+01
2.85791855e+01
2.90665779e+01
2.95536976e+01
3.00405369e+01
3.05270939e+01
3.10133629e+01
3.14993382e+01
3.19850159e+01
3.24703979e+01
3.29554749e+01
3.34402351e+01
3.39246826e+01
3.44088135e+01
3.48926163e+01
3.53760872e+01
3.58592262e+01
3.63420334e+01
3.68244934e+01
3.73066063e+01
3.77883720e+01
3.82697792e+01
3.87508278e+01
3.92315102e+01
3.97118225e+01
4.01917610e+01
4.06713219e+01
4.11504936e+01
4.16292839e+01
4.21076775e+01
4.25856743e+01
4.30632744e+01
4.35404663e+01
4.40172501e+01
4.44936180e+01
4.49695663e+01
4.54450912e+01
4.59201889e+01
4.63948479e+01
4.68690758e+01
4.73428612e+01
4.78162003e+01
4.82890854e+01
4.87615242e+01
4.92334938e+01
4.97050018e+01
5.01760445e+01
5.06466179e+01
5.11167068e+01
5.15863190e+01
5.20554466e+01
5.25240784e+01
5.29922180e+01
5.34598579e+01
5.39269943e+01
5.43936234e+01
5.48597412e+01
5.53253326e+01
5.57904129e+01
5.62549667e+01
5.67189865e+01
5.71824684e+01
5.76454239e+01
5.81078339e+01
5.85696907e+01
5.90309982e+01
5.94917412e+01
5.99519310e+01
6.04115486e+01
6.08706055e+01
6.13290939e+01
6.17869987e+01
6.22443237e+01
6.27010612e+01
6.31572075e+01
6.36127510e+01
6.40677032e+01
6.45220490e+01
6.49757919e+01
6.54289169e+01
6.58814240e+01
6.63333130e+01
6.67845764e+01
6.72352142e+01
6.76852188e+01
6.81345825e+01
6.85833054e+01
6.90313797e+01
6.94788055e+01
6.99255753e+01
7.03716812e+01
7.08171387e+01
7.12619171e+01
7.17060394e+01
7.21494675e+01
7.25922241e+01
7.30342941e+01
7.34756775e+01
7.39163666e+01
7.43563614e+01
7.47956619e+01
7.52342529e+01
7.56721344e+01
7.61092987e+01
7.65457458e+01
7.69814758e+01
7.74164810e+01
7.78507538e+01
7.82842941e+01
7.87171021e+01
7.91491623e+01
7.95804825e+01
8.00110474e+01
8.04408569e+01
8.08699112e+01
8.12982101e+01
8.17257385e+01
8.21524887e+01
8.25784683e+01
8.30036697e+01
8.34281006e+01
8.38517380e+01
8.42745895e+01
8.46966324e+01
8.51178894e+01
8.55383453e+01
8.59579926e+01
8.63768311e+01
8.67948532e+01
8.72120590e+01
8.76284485e+01
8.80440063e+01
8.84587402e+01
8.88726273e+01
8.92856903e+01
8.96979141e+01
9.01092758e+01
9.05198135e+01
9.09294739e+01
9.13382874e+01
9.17462387e+01
9.21533279e+01
9.25595474e+01
9.29648895e+01
9.33693619e+01
9.37729568e+01
9.41756592e+01
9.45774841e+01
9.49784088e+01
9.53784485e+01
9.57775879e+01
9.61758270e+01
9.65731583e+01
9.69695816e+01
9.73650894e+01
9.77596741e+01
9.81533356e+01
9.85460815e+01
9.89378967e+01
9.93287659e+01
9.97187271e+01
1.00107727e+02
1.00495781e+02
1.00882904e+02
1.01269066e+02
1.01654282e+02
1.02038536e+02
1.02421829e+02
1.02804161e+02
1.03185509e+02
1.03565910e+02
1.03945320e+02
1.04323753e+02
1.04701202e+02
1.05077660e+02
1.05453125e+02
1.05827606e+02
1.06201080e+02
1.06573563e+02
1.06945038e+02
1.07315514e+02
1.07684967e+02
1.08053421e+02
1.08420837e+02
1.08787247e+02
1.09152626e+02
1.09516983e+02
1.09880302e+02
1.10242584e+02
1.10603828e+02
1.10964027e+02
1.11323181e+02
1.11681290e+02
1.12038353e+02
1.12394363e+02
1.12749313e+02
1.13103188e+02
1.13456001e+02
1.13807739e+02
1.14158424e+02
1.14508011e+02
1.14856522e+02
1.15203964e+02
1.15550308e+02
1.15895576e+02
1.16239754e+02
1.16582825e+02
1.16924805e+02
1.17265678e+02
1.17605446e+02
1.17944115e+02
1.18281662e+02
1.18618103e+02
1.18953407e+02
1.19287621e+02
1.19620697e+02
1.19952644e+02
1.20283447e+02
1.20613144e+02
1.20941696e+02
1.21269104e+02
1.21595375e+02
1.21920486e+02
1.22244461e+02
1.22567276e+02
1.22888947e+02
1.23209450e+02
1.23528801e+02
1.23846985e+02
1.24164001e+02
1.24479843e+02
1.24794502e+02
1.25107994e+02
1.25420319e+02
1.25731461e+02
1.26041420e+02
1.26350182e+02
1.26657753e+02
1.26964134e+02
1.27269325e+02
1.27573311e+02
1.27876083e+02
1.28177673e+02
1.28478043e+02
1.28777206e+02
1.29075165e+02
1.29371887e+02
1.29667389e+02
1.29961685e+02
1.30254761e+02
1.30546600e+02
1.30837204e+02
1.31126572e+02
1.31414719e+02
1.31701630e+02
1.31987289e+02
1.32271713e+02
1.32554886e+02
1.32836807e+02
1.33117477e+02
1.33396896e+02
1.33675064e+02
1.33951965e+02
1.34227600e+02
1.34501984e+02
1.34775085e+02
1.35046921e+02
1.35317490e+02
1.35586777e+02
1.35854782e+02
1.36121521e+02
1.36386963e+02
1.36651138e+02
1.36914017e+02
1.37175613e+02
1.37435898e+02
1.37694901e+02
1.37952606e+02
1.38209000e+02
1.38464111e+02
1.38717911e+02
1.38970398e+02
1.39221588e+02
1.39471451e+02
1.39720016e+02
1.39967255e+02
1.40213181e+02
1.40457764e+02
1.40701065e+02
1.40943024e+02
1.41183640e+02
1.41422928e+02
1.41660889e+02
1.41897507e+02
1.42132797e+02
1.42366745e+02
1.42599335e+02
1.42830612e+02
1.43060516e+02
1.43289093e+02
1.43516327e+02
1.43742188e+02
1.43966705e+02
1.44189880e+02
1.44411682e+02
1.44632111e+02
1.44851181e+02
1.45068893e+02
1.45285233e+02
1.45500214e+02
1.45713821e+02
1.45926056e+02
1.46136902e+02
1.46346390e+02
1.46554489e+02
1.46761200e+02
1.46966553e+02
1.47170502e+02
1.47373077e+02
1.47574249e+02
1.47774048e+02
1.47972443e+02
1.48169449e+02
1.48365067e+02
1.48559265e+02
1.48752075e+02
1.48943466e+02
1.49133469e+02
1.49322067e+02
1.49509262e+02
1.49695053e+02
1.49879425e+02
1.50062393e+02
1.50243942e+02
1.50424057e+02
1.50602768e+02
1.50780060e+02
1.50955948e+02
1.51130402e+02
1.51303436e+02
1.51475052e+02
1.51645218e+02
1.51813965e+02
1.51981277e+02
1.52147156e+02
1.52311600e+02
1.52474625e+02
1.52636200e+02
1.52796356e+02
1.52955048e+02
1.53112305e+02
1.53268127e+02
1.53422501e+02
1.53575439e+02
1.53726913e+02
1.53876968e+02
1.54025543e+02
1.54172668e+02
1.54318344e+02
1.54462570e+02
1.54605331e+02
1.54746643e+02
1.54886520e+02
1.55024902e+02
1.55161835e+02
1.55297318e+02
1.55431335e+02
1.55563873e+02
1.55694962e+02
1.55824570e+02
1.55952713e+02
1.56079391e+02
1.56204620e+02
1.56328354e+02
1.56450623e+02
1.56571396e+02
1.56690704e+02
1.56808548e+02
1.56924911e+02
1.57039795e+02
1.57153198e+02
1.57265106e+02
1.57375549e+02
1.57484497e+02
1.57591980e+02
1.57697968e+02
1.57802475e+02
1.57905487e+02
1.58007004e+02
1.58107040e+02
1.58205597e+02
1.58302658e+02
1.58398224e+02
1.58492294e+02
1.58584869e+02
1.58675964e+02
1.58765564e+02
1.58853638e+02
1.58940247e+02
1.59025360e+02
1.59108963e+02
1.59191071e+02
1.59271667e+02
1.59350784e+02
1.59428391e+02
1.59504471e+02
1.59579086e+02
1.59652161e+02
1.59723755e+02
1.59793854e+02
1.59862427e+02
1.59929520e+02
1.59995071e+02
1.60059128e+02
1.60121689e+02
1.60182739e+02
1.60242264e+02
1.60300293e+02
1.60356796e+02
1.60411804e+02
1.60465302e+02
1.60517273e+02
1.60567749e+02
1.60616699e+02
1.60664124e+02
1.60710068e+02
1.60754486e+02
1.60797394e+02
1.60838776e+02
1.60878647e+02
1.60917007e+02
1.60953842e+02
1.60989151e+02
1.61022949e+02
1.61055237e+02
1.61086014e+02
1.61115265e+02
1.61143005e+02
1.61169220e+02
1.61193909e+02
1.61217102e+02
1.61238754e+02
1.61258896e+02
1.61277512e+02
1.61294617e+02
1.61310211e+02
1.61324265e+02
1.61336807e+02
1.61347839e+02
1.61357330e+02
1.61365326e+02
1.61371765e+02
1.61376724e+02
1.61380142e+02
1.61382050e+02
1.61382416e+02
1.61381271e+02
1.61378616e+02
1.61374435e+02
1.61368744e+02
1.61361511e+02
1.61352768e+02
1.61342484e+02
1.61330719e+02
1.61317413e+02
1.61302597e+02
1.61286255e+02
1.61268402e+02
1.61249008e+02
1.61228104e+02
1.61205704e+02
1.61181763e+02
1.61156296e+02
1.61129333e+02
1.61100845e+02
1.61070831e+02
1.61039291e+02
1.61006241e+02
1.60971680e+02
1.60935593e+02
1.60898010e+02
1.60858887e+02
1.60818268e+02
1.60776138e+02
1.60732468e+02
1.60687302e+02
1.60640610e+02
1.60592422e+02
1.60542694e+02
1.60491470e+02
1.60438736e+02
1.60384491e+02
1.60328720e+02
1.60271454e+02
1.60212692e+02
1.60152405e+02
1.60090591e+02
1.60027283e+02
1.59962479e+02
1.59896149e+02
1.59828323e+02
1.59758987e+02
1.59688141e+02
1.59615814e+02
1.59541962e+02
1.59466614e+02
1.59389755e+02
1.59311401e+02
1.59231537e+02
1.59150192e+02
1.59067352e+02
1.58983002e+02
1.58897141e+02
1.58809769e+02
1.58720947e+02
1.58630600e+02
1.58538757e+02
1.58445450e+02
1.58350632e+02
1.58254303e+02
1.58156509e+02
1.58057220e+02
1.57956421e+02
1.57854172e+02
1.57750412e+02
1.57645157e+02
1.57538437e+02
1.57430222e+02
1.57320511e+02
1.57209320e+02
1.57096664e+02
1.56982529e+02
1.56866898e+02
1.56749817e+02
1.56631241e+02
1.56511185e+02
1.56389664e+02
1.56266663e+02
1.56142197e+02
1.56016251e+02
1.55888840e+02
1.55759949e+02
1.55629593e+02
1.55497772e+02
1.55364502e+02
1.55229767e+02
1.55093567e+02
1.54955902e+02
1.54816772e+02
1.54676178e+02
1.54534134e+02
1.54390640e+02
1.54245697e+02
1.54099289e+02
1.53951431e+02
1.53802124e+02
1.53651367e+02
1.53499146e+02
1.53345490e+02
1.53190399e+02
1.53033875e+02
1.52875885e+02
1.52716446e+02
1.52555603e+02
1.52393311e+02
1.52229568e+02
1.52064392e+02
1.51897797e+02
1.51729752e+02
1.51560303e+02
1.51389404e+02
1.51217102e+02
1.51043365e+02
1.50868195e+02
1.50691589e+02
1.50513580e+02
1.50334167e+02
1.50153336e+02
1.49971085e+02
1.49787415e+02
1.49602341e+02
1.49415833e+02
1.49227936e+02
1.49038651e+02
1.48847946e+02
1.48655838e+02
1.48462326e+02
1.48267426e+02
1.48071121e+02
1.47873413e+02
1.47674332e+02
1.47473846e+02
1.47271973e+02
1.47068710e+02
1.46864059e+02
1.46658035e+02
1.46450623e+02
1.46241837e+02
1.46031662e+02
1.45820114e+02
1.45607193e+02
1.45392899e+02
1.45177246e+02
1.44960205e+02
1.44741821e+02
1.44522064e+02
1.44300949e+02
1.44078476e+02
1.43854630e+02
1.43629425e+02
1.43402878e+02
1.43174988e+02
1.42945755e+02
1.42715149e+02
1.42483215e+02
1.42249939e+02
1.42015320e+02
1.41779358e+02
1.41542068e+02
1.41303452e+02
1.41063477e+02
1.40822205e+02
1.40579590e+02
1.40335648e+02
1.40090393e+02
1.39843811e+02
1.39595917e+02
1.39346695e+02
1.39096161e+02
1.38844330e+02
1.38591187e+02
1.38336746e+02
1.38080978e+02
1.37823929e+02
1.37565567e+02
1.37305923e+02
1.37044983e+02
1.36782745e+02
1.36519211e+02
1.36254410e+02
1.35988312e+02
1.35720932e+02
1.35452286e+02
1.35182373e+02
1.34911179e+02
1.34638702e+02
1.34364960e+02
1.34089951e+02
1.33813675e+02
1.33536133e+02
1.33257339e+02
1.32977310e+02
1.32696014e+02
1.32413467e+02
1.32129669e+02
1.31844635e+02
1.31558350e+02
1.31270813e+02
1.30982056e+02
1.30692062e+02
1.30400848e+02
1.30108398e+02
1.29814713e+02
1.29519806e+02
1.29223679e+02
1.28926331e+02
1.28627762e+02
1.28328003e+02
1.28027039e+02
1.27724861e+02
1.27421471e+02
1.27116890e+02
1.26811096e+02
1.26504112e+02
1.26195953e+02
1.25886597e+02
1.25576050e+02
1.25264328e+02
1.24951408e+02
1.24637321e+02
1.24322060e+02
1.24005638e+02
1.23688034e+02
1.23369263e+02
1.23049347e+02
1.22728256e+02
1.22406006e+02
1.22082626e+02
1.21758087e+02
1.21432373e+02
1.21105530e+02
1.20777542e+02
1.20448441e+02
1.20118187e+02
1.19786812e+02
1.19454292e+02
1.19120659e+02
1.18785896e+02
1.18450020e+02
1.18113014e+02
1.17774910e+02
1.17435699e+02
1.17095375e+02
1.16753944e+02
1.16411423e+02
1.16067810e+02
1.15723091e+02
1.15377281e+02
1.15030380e+02
1.14682404e+02
1.14333344e+02
1.13983208e+02
1.13632011e+02
1.13279724e+02
1.12926369e+02
1.12571953e+02
1.12216484e+02
1.11859955e+02
1.11502380e+02
1.11143745e+02
1.10784073e+02
1.10423355e+02
1.10061577e+02
1.09698776e+02
1.09334938e+02
1.08970070e+02
1.08604179e+02
1.08237259e+02
1.07869324e+02
1.07500374e+02
1.07130417e+02
1.06759445e+02
1.06387459e+02
1.06014473e+02
1.05640503e+02
1.05265518e+02
1.04889549e+02
1.04512596e+02
1.04134659e+02
1.03755730e+02
1.03375839e+02
1.02994957e+02
1.02613113e+02
1.02230309e+02
1.01846542e+02
1.01461800e+02
1.01076103e+02
1.00689461e+02
1.00301880e+02
9.99133301e+01
9.95238571e+01
9.91334534e+01
9.87421036e+01
9.83498306e+01
9.79566193e+01
9.75624847e+01
9.71674500e+01
9.67714844e+01
9.63746033e+01
9.59768219e+01
9.55781403e+01
9.51785431e+01
9.47780685e+01
9.43766937e+01
9.39744186e+01
9.35712662e+01
9.31672363e+01
9.27623291e+01
9.23565521e+01
9.19498901e+01
9.15423660e+01
9.11339798e+01
9.07247543e+01
9.03146591e+01
8.99037094e+01
8.94919052e+01
8.90792694e+01
8.86658020e+01
8.82514725e+01
8.78363266e+01
8.74203644e+01
8.70035706e+01
8.65859528e+01
8.61675262e+01
8.57482758e+01
8.53282318e+01
8.49073792e+01
8.44857101e+01
8.40632553e+01
8.36400223e+01
8.32159882e+01
8.27911835e+01
8.23655853e+01
8.19392166e+01
8.15120697e+01
8.10841599e+01
8.06554871e+01
8.02260513e+01
7.97958603e+01
7.93649139e+01
7.89332275e+01
7.85007935e+01
7.80676193e+01
7.76337128e+01
7.71990738e+01
7.67637100e+01
7.63276215e+01
7.58908081e+01
7.54532776e+01
7.50150452e+01
7.45761032e+01
7.41364594e+01
7.36961136e+01
7.32550735e+01
7.28133469e+01
7.23709335e+01
7.19278336e+01
7.14840622e+01
7.10396194e+01
7.05945053e+01
7.01487274e+01
6.97022781e+01
6.92551880e+01
6.88074265e+01
6.83590240e+01
6.79099884e+01
6.74602966e+01
6.70099792e+01
6.65590286e+01
6.61074448e+01
6.56552505e+01
6.52024307e+01
6.47490005e+01
6.42949524e+01
6.38403091e+01
6.33850555e+01
6.29292030e+01
6.24727669e+01
6.20157356e+01
6.15581245e+01
6.10999336e+01
6.06411591e+01
6.01818237e+01
5.97219124e+01
5.92614403e+01
5.88004150e+01
5.83388329e+01
5.78767014e+01
5.74140282e+01
5.69508095e+01
5.64870491e+01
5.60227623e+01
5.55579376e+01
5.50926056e+01
5.46267471e+01
5.41603737e+01
5.36934929e+01
5.32261009e+01
5.27582130e+01
5.22898331e+01
5.18209496e+01
5.13515854e+01
5.08817291e+01
5.04113960e+01
4.99405861e+01
4.94693069e+01
4.89975700e+01
4.85253677e+01
4.80527039e+01
4.75795937e+01
4.71060295e+01
4.66320267e+01
4.61575813e+01
4.56826973e+01
4.52073860e+01
4.47316513e+01
4.42554893e+01
4.37789192e+01
4.33019333e+01
4.28245354e+01
4.23467331e+01
4.18685341e+01
4.13899422e+01
4.09109612e+01
4.04315948e+01
3.99518394e+01
3.94717140e+01
3.89912224e+01
3.85103569e+01
3.80291290e+01
3.75475426e+01
3.70656052e+01
3.65833168e+01
3.61006813e+01
3.56177063e+01
3.51343994e+01
3.46507568e+01
3.41667900e+01
3.36825027e+01
3.31978951e+01
3.27129784e+01
3.22277527e+01
3.17422218e+01
3.12563934e+01
3.07702694e+01
3.02838573e+01
2.97971573e+01
2.93101768e+01
2.88229198e+01
2.83353901e+01
2.78475971e+01
2.73595390e+01
2.68712273e+01
2.63826561e+01
2.58938408e+01
2.54047794e+01
2.49154816e+01
2.44259472e+01
2.39361839e+01
2.34461918e+01
2.29559803e+01
2.24655533e+01
2.19749165e+01
2.14840698e+01
2.09930229e+01
2.05017738e+01
2.00103359e+01
1.95187054e+01
1.90268936e+01
1.85349045e+01
1.80427399e+01
1.75504017e+01
1.70579014e+01
1.65652390e+01
1.60724220e+01
1.55794525e+01
1.50863361e+01
1.45930777e+01
1.40996819e+01
1.36061535e+01
1.31124964e+01
1.26187162e+01
1.21248169e+01
1.16308022e+01
1.11366806e+01
1.06424522e+01
1.01481247e+01
9.65370178e+00
9.15918636e+00
8.66458511e+00
8.16990280e+00
7.67514277e+00
7.18031120e+00
6.68541145e+00
6.19044924e+00
5.69542837e+00
5.20035362e+00
4.70523024e+00
4.21006203e+00
3.71485472e+00
3.21961212e+00
2.72433972e+00
2.22904086e+00
1.73372126e+00
1.23838520e+00
7.43037760e-01
2.47683227e-01
-2.47673631e-01
-7.43028164e-01
-1.23837578e+00
-1.73371148e+00
-2.22903109e+00
-2.72432947e+00
-3.21960235e+00
-3.71484518e+00
-4.21005297e+00
-4.70522070e+00
-5.20034456e+00
-5.69541931e+00
-6.19043970e+00
-6.68540239e+00
-7.18030167e+00
-7.67513371e+00
-8.16989326e+00
-8.66457653e+00
-9.15917683e+00
-9.65369225e+00
-1.01481161e+01
-1.06424446e+01
-1.11366730e+01
-1.16307955e+01
-1.21248074e+01
-1.26187067e+01
-1.31124887e+01
-1.36061459e+01
-1.40996742e+01
-1.45930700e+01
-1.50863285e+01
-1.55794430e+01
-1.60724125e+01
-1.65652294e+01
-1.70578899e+01
-1.75503922e+01
-1.80427284e+01
-1.85348930e+01
-1.90268841e+01
-1.95186939e+01
-2.00103245e+01
-2.05017643e+01
-2.09930096e+01
-2.14840603e+01
-2.19749050e+01
-2.24655437e+01
-2.29559708e+01
-2.34461823e+01
-2.39361725e+01
-2.44259357e+01
-2.49154701e+01
-2.54047718e+01
-2.58938313e+01
-2.63826504e+01
-2.68712196e+01
-2.73595314e+01
-2.78475895e+01
-2.83353825e+01
-2.88229103e+01
-2.93101654e+01
-2.97971458e+01
-3.02838440e+01
-3.07702599e+01
-3.12563858e+01
-3.17422142e+01
-3.22277412e+01
-3.27129707e+01
-3.31978874e+01
-3.36824951e+01
-3.41667824e+01
-3.46507454e+01
-3.51343842e+01
-3.56176949e+01
-3.61006699e+01
-3.65833054e+01
-3.70655937e+01
-3.75475349e+01
-3.80291214e+01
-3.85103455e+01
-3.89912109e+01
-3.94717064e+01
-3.99518318e+01
-4.04315834e+01
-4.09109497e+01
-4.13899345e+01
-4.18685265e+01
-4.23467216e+01
-4.28245239e+01
-4.33019218e+01
-4.37789078e+01
-4.42554855e+01
-4.47316399e+01
-4.52073784e+01
-4.56826897e+01
-4.61575661e+01
-4.66320114e+01
-4.71060181e+01
-4.75795822e+01
-4.80526886e+01
-4.85253525e+01
-4.89975624e+01
-4.94693031e+01
-4.99405823e+01
-5.04113846e+01
-5.08817215e+01
-5.13515739e+01
-5.18209381e+01
-5.22898216e+01
-5.27582092e+01
-5.32260971e+01
-5.36934814e+01
-5.41603622e+01
-5.46267395e+01
-5.50925980e+01
-5.55579338e+01
-5.60227470e+01
-5.64870377e+01
-5.69507942e+01
-5.74140091e+01
-5.78766823e+01
-5.83388176e+01
-5.88004036e+01
-5.92614365e+01
-5.97219009e+01
-6.01818123e+01
-6.06411552e+01
-6.10999222e+01
-6.15581207e+01
-6.20157318e+01
-6.24727592e+01
-6.29291954e+01
-6.33850441e+01
-6.38402977e+01
-6.42949448e+01
-6.47489853e+01
-6.52024231e+01
-6.56552429e+01
-6.61074448e+01
-6.65590210e+01
-6.70099716e+01
-6.74602890e+01
-6.79099731e+01
-6.83590240e+01
-6.88074188e+01
-6.92551727e+01
-6.97022705e+01
-7.01487122e+01
-7.05944977e+01
-7.10396042e+01
-7.14840546e+01
-7.19278336e+01
-7.23709259e+01
-7.28133392e+01
-7.32550659e+01
-7.36961060e+01
-7.41364441e+01
-7.45760956e+01
-7.50150375e+01
-7.54532700e+01
-7.58908005e+01
-7.63276062e+01
-7.67637024e+01
-7.71990662e+01
-7.76337051e+01
-7.80676117e+01
-7.85007858e+01
-7.89332275e+01
-7.93649139e+01
-7.97958450e+01
-8.02260361e+01
-8.06554718e+01
-8.10841446e+01
-8.15120621e+01
-8.19392090e+01
-8.23655701e+01
-8.27911758e+01
-8.32159882e+01
-8.36400223e+01
-8.40632553e+01
-8.44857101e+01
-8.49073639e+01
-8.53282166e+01
-8.57482681e+01
-8.61675110e+01
-8.65859451e+01
-8.70035553e+01
-8.74203568e+01
-8.78363266e+01
-8.82514725e+01
-8.86657791e+01
-8.90792694e+01
-8.94918976e+01
-8.99037018e+01
-9.03146362e+01
-9.07247314e+01
-9.11339798e+01
-9.15423660e+01
-9.19498901e+01
-9.23565521e+01
-9.27623291e+01
-9.31672363e+01
-9.35712662e+01
-9.39744186e+01
-9.43766861e+01
-9.47780457e+01
-9.51785355e+01
-9.55781250e+01
-9.59768066e+01
-9.63745956e+01
-9.67714691e+01
-9.71674271e+01
-9.75624771e+01
-9.79566193e+01
-9.83498306e+01
-9.87421036e+01
-9.91334381e+01
-9.95238495e+01
-9.99133301e+01
-1.00301880e+02
-1.00689461e+02
-1.01076096e+02
-1.01461784e+02
-1.01846519e+02
-1.02230293e+02
-1.02613113e+02
-1.02994957e+02
-1.03375824e+02
-1.03755730e+02
-1.04134651e+02
-1.04512596e+02
-1.04889549e+02
-1.05265518e+02
-1.05640495e+02
-1.06014473e+02
-1.06387459e+02
-1.06759430e+02
-1.07130409e+02
-1.07500374e+02
-1.07869316e+02
-1.08237251e+02
-1.08604172e+02
-1.08970070e+02
-1.09334938e+02
-1.09698761e+02
-1.10061569e+02
-1.10423340e+02
-1.10784050e+02
-1.11143738e+02
-1.11502380e+02
-1.11859955e+02
-1.12216484e+02
-1.12571953e+02
-1.12926361e+02
-1.13279716e+02
-1.13631996e+02
-1.13983208e+02
-1.14333344e+02
-1.14682396e+02
-1.15030373e+02
-1.15377274e+02
-1.15723083e+02
-1.16067795e+02
-1.16411423e+02
-1.16753944e+02
-1.17095375e+02
-1.17435699e+02
-1.17774910e+02
-1.18113014e+02
-1.18450020e+02
-1.18785889e+02
-1.19120651e+02
-1.19454292e+02
-1.19786804e+02
-1.20118187e+02
-1.20448441e+02
-1.20777542e+02
-1.21105530e+02
-1.21432373e+02
-1.21758064e+02
-1.22082611e+02
-1.22406006e+02
-1.22728256e+02
-1.23049347e+02
-1.23369263e+02
-1.23688026e+02
-1.24005630e+02
-1.24322060e+02
-1.24637321e+02
-1.24951408e+02
-1.25264328e+02
-1.25576050e+02
-1.25886597e+02
-1.26195953e+02
-1.26504112e+02
-1.26811096e+02
-1.27116890e+02
-1.27421471e+02
-1.27724861e+02
-1.28027039e+02
-1.28328003e+02
-1.28627762e+02
-1.28926331e+02
-1.29223679e+02
-1.29519791e+02
-1.29814697e+02
-1.30108368e+02
-1.30400818e+02
-1.30692047e+02
-1.30982056e+02
-1.31270813e+02
-1.31558334e+02
-1.31844620e+02
-1.32129654e+02
-1.32413452e+02
-1.32695999e+02
-1.32977295e+02
-1.33257339e+02
-1.33536133e+02
-1.33813660e+02
-1.34089935e+02
-1.34364944e+02
-1.34638687e+02
-1.34911163e+02
-1.35182358e+02
-1.35452286e+02
-1.35720932e+02
-1.35988312e+02
-1.36254410e+02
-1.36519211e+02
-1.36782745e+02
-1.37044983e+02
-1.37305923e+02
-1.37565567e+02
-1.37823914e+02
-1.38080978e+02
-1.38336731e+02
-1.38591187e+02
-1.38844330e+02
-1.39096161e+02
-1.39346695e+02
-1.39595917e+02
-1.39843811e+02
-1.40090363e+02
-1.40335617e+02
-1.40579575e+02
-1.40822189e+02
-1.41063477e+02
-1.41303436e+02
-1.41542068e+02
-1.41779358e+02
-1.42015320e+02
-1.42249939e+02
-1.42483215e+02
-1.42715149e+02
-1.42945740e+02
-1.43174988e+02
-1.43402878e+02
-1.43629425e+02
-1.43854614e+02
-1.44078461e+02
-1.44300919e+02
-1.44522064e+02
-1.44741821e+02
-1.44960205e+02
-1.45177246e+02
-1.45392899e+02
-1.45607193e+02
-1.45820114e+02
-1.46031662e+02
-1.46241837e+02
-1.46450623e+02
-1.46658035e+02
-1.46864059e+02
-1.47068710e+02
-1.47271973e+02
-1.47473846e+02
-1.47674316e+02
-1.47873398e+02
-1.48071106e+02
-1.48267410e+02
-1.48462326e+02
-1.48655838e+02
-1.48847946e+02
-1.49038651e+02
-1.49227936e+02
-1.49415833e+02
-1.49602341e+02
-1.49787415e+02
-1.49971069e+02
-1.50153320e+02
-1.50334152e+02
-1.50513580e+02
-1.50691589e+02
-1.50868195e+02
-1.51043365e+02
-1.51217102e+02
-1.51389404e+02
-1.51560303e+02
-1.51729752e+02
-1.51897797e+02
-1.52064392e+02
-1.52229568e+02
-1.52393295e+02
-1.52555603e+02
-1.52716446e+02
-1.52875885e+02
-1.53033875e+02
-1.53190399e+02
-1.53345490e+02
-1.53499146e+02
-1.53651352e+02
-1.53802109e+02
-1.53951416e+02
-1.54099274e+02
-1.54245682e+02
-1.54390640e+02
-1.54534134e+02
-1.54676178e+02
-1.54816772e+02
-1.54955902e+02
-1.55093567e+02
-1.55229767e+02
-1.55364502e+02
-1.55497772e+02
-1.55629593e+02
-1.55759949e+02
-1.55888840e+02
-1.56016235e+02
-1.56142197e+02
-1.56266663e+02
-1.56389664e+02
-1.56511185e+02
-1.56631241e+02
-1.56749817e+02
-1.56866898e+02
-1.56982529e+02
-1.57096664e+02
-1.57209320e+02
-1.57320511e+02
-1.57430191e+02
-1.57538422e+02
-1.57645142e+02
-1.57750397e+02
-1.57854156e+02
-1.57956421e+02
-1.58057220e+02
-1.58156509e+02
-1.58254303e+02
-1.58350632e+02
-1.58445450e+02
-1.58538757e+02
-1.58630600e+02
-1.58720947e+02
-1.58809769e+02
-1.58897141e+02
-1.58983002e+02
-1.59067352e+02
-1.59150192e+02
-1.59231537e+02
-1.59311401e+02
-1.59389755e+02
-1.59466614e+02
-1.59541962e+02
-1.59615814e+02
-1.59688141e+02
-1.59758987e+02
-1.59828323e+02
-1.59896149e+02
-1.59962479e+02
-1.60027283e+02
-1.60090591e+02
-1.60152405e+02
-1.60212692e+02
-1.60271454e+02
-1.60328720e+02
-1.60384491e+02
-1.60438736e+02
-1.60491470e+02
-1.60542694e+02
-1.60592422e+02
-1.60640610e+02
-1.60687302e+02
-1.60732468e+02
-1.60776123e+02
-1.60818268e+02
-1.60858887e+02
-1.60898010e+02
-1.60935593e+02
-1.60971680e+02
-1.61006241e+02
-1.61039291e+02
-1.61070831e+02
-1.61100845e+02
-1.61129333e+02
-1.61156296e+02
-1.61181763e+02
-1.61205704e+02
-1.61228104e+02
-1.61249008e+02
-1.61268402e+02
-1.61286255e+02
-1.61302597e+02
-1.61317413e+02
-1.61330719e+02
-1.61342484e+02
-1.61352768e+02
-1.61361511e+02
-1.61368744e+02
-1.61374435e+02
-1.61378616e+02
-1.61381271e+02
-1.61382416e+02
-1.61382050e+02
-1.61380142e+02
-1.61376724e+02
-1.61371765e+02
-1.61365326e+02
-1.61357330e+02
-1.61347839e+02
-1.61336807e+02
-1.61324265e+02
-1.61310211e+02
-1.61294617e+02
-1.61277512e+02
-1.61258896e+02
-1.61238754e+02
-1.61217102e+02
-1.61193909e+02
-1.61169220e+02
-1.61143005e+02
-1.61115265e+02
-1.61086014e+02
-1.61055237e+02
-1.61022949e+02
-1.60989151e+02
-1.60953842e+02
-1.60917007e+02
-1.60878647e+02
-1.60838776e+02
-1.60797394e+02
-1.60754486e+02
-1.60710068e+02
-1.60664124e+02
-1.60616699e+02
-1.60567749e+02
-1.60517273e+02
-1.60465302e+02
-1.60411804e+02
-1.60356796e+02
-1.60300293e+02
-1.60242264e+02
-1.60182739e+02
-1.60121689e+02
-1.60059128e+02
-1.59995071e+02
-1.59929520e+02
-1.59862427e+02
-1.59793854e+02
-1.59723770e+02
-1.59652191e+02
-1.59579086e+02
-1.59504471e+02
-1.59428391e+02
-1.59350784e+02
-1.59271667e+02
-1.59191071e+02
-1.59108963e+02
-1.59025360e+02
-1.58940247e+02
-1.58853638e+02
-1.58765564e+02
-1.58675964e+02
-1.58584869e+02
-1.58492294e+02
-1.58398224e+02
-1.58302658e+02
-1.58205597e+02
-1.58107040e+02
-1.58007004e+02
-1.57905487e+02
-1.57802475e+02
-1.57697968e+02
-1.57591980e+02
-1.57484497e+02
-1.57375549e+02
-1.57265106e+02
-1.57153198e+02
-1.57039795e+02
-1.56924911e+02
-1.56808548e+02
-1.56690704e+02
-1.56571396e+02
-1.56450623e+02
-1.56328354e+02
-1.56204620e+02
-1.56079391e+02
-1.55952713e+02
-1.55824570e+02
-1.55694962e+02
-1.55563873e+02
-1.55431335e+02
-1.55297318e+02
-1.55161850e+02
-1.55024918e+02
-1.54886520e+02
-1.54746658e+02
-1.54605347e+02
-1.54462585e+02
-1.54318344e+02
-1.54172668e+02
-1.54025543e+02
-1.53876968e+02
-1.53726913e+02
-1.53575439e+02
-1.53422501e+02
-1.53268143e+02
-1.53112320e+02
-1.52955048e+02
-1.52796356e+02
-1.52636200e+02
-1.52474625e+02
-1.52311615e+02
-1.52147156e+02
-1.51981293e+02
-1.51813965e+02
-1.51645218e+02
-1.51475052e+02
-1.51303436e+02
-1.51130402e+02
-1.50955948e+02
-1.50780075e+02
-1.50602783e+02
-1.50424072e+02
-1.50243942e+02
-1.50062393e+02
-1.49879425e+02
-1.49695053e+02
-1.49509262e+02
-1.49322067e+02
-1.49133469e+02
-1.48943481e+02
-1.48752075e+02
-1.48559265e+02
-1.48365067e+02
-1.48169449e+02
-1.47972443e+02
-1.47774063e+02
-1.47574265e+02
-1.47373093e+02
-1.47170517e+02
-1.46966553e+02
-1.46761215e+02
-1.46554504e+02
-1.46346405e+02
-1.46136932e+02
-1.45926056e+02
-1.45713821e+02
-1.45500214e+02
-1.45285233e+02
-1.45068893e+02
-1.44851181e+02
-1.44632111e+02
-1.44411682e+02
-1.44189880e+02
-1.43966705e+02
-1.43742188e+02
-1.43516327e+02
-1.43289093e+02
-1.43060516e+02
-1.42830612e+02
-1.42599335e+02
-1.42366745e+02
-1.42132797e+02
-1.41897507e+02
-1.41660889e+02
-1.41422928e+02
-1.41183640e+02
-1.40943024e+02
-1.40701065e+02
-1.40457764e+02
-1.40213181e+02
-1.39967255e+02
-1.39720016e+02
-1.39471451e+02
-1.39221588e+02
-1.38970398e+02
-1.38717911e+02
-1.38464111e+02
-1.38209015e+02
-1.37952606e+02
-1.37694916e+02
-1.37435913e+02
-1.37175613e+02
-1.36914017e+02
-1.36651138e+02
-1.36386993e+02
-1.36121536e+02
-1.35854782e+02
-1.35586777e+02
-1.35317490e+02
-1.35046921e+02
-1.34775085e+02
-1.34501984e+02
-1.34227600e+02
-1.33951981e+02
-1.33675079e+02
-1.33396927e+02
-1.33117493e+02
-1.32836823e+02
-1.32554886e+02
-1.32271713e+02
-1.31987289e+02
-1.31701645e+02
-1.31414734e+02
-1.31126587e+02
-1.30837204e+02
-1.30546600e+02
-1.30254761e+02
-1.29961685e+02
-1.29667389e+02
-1.29371887e+02
-1.29075165e+02
-1.28777206e+02
-1.28478058e+02
-1.28177673e+02
-1.27876091e+02
-1.27573311e+02
-1.27269333e+02
-1.26964142e+02
-1.26657768e+02
-1.26350189e+02
-1.26041428e+02
-1.25731476e+02
-1.25420334e+02
-1.25108017e+02
-1.24794525e+02
-1.24479843e+02
-1.24164001e+02
-1.23846985e+02
-1.23528801e+02
-1.23209457e+02
-1.22888954e+02
-1.22567284e+02
-1.22244461e+02
-1.21920486e+02
-1.21595375e+02
-1.21269104e+02
-1.20941696e+02
-1.20613144e+02
-1.20283470e+02
-1.19952644e+02
-1.19620697e+02
-1.19287621e+02
-1.18953407e+02
-1.18618103e+02
-1.18281677e+02
-1.17944122e+02
-1.17605453e+02
-1.17265686e+02
-1.16924805e+02
-1.16582825e+02
-1.16239754e+02
-1.15895576e+02
-1.15550308e+02
-1.15203972e+02
-1.14856529e+02
-1.14508018e+02
-1.14158424e+02
-1.13807747e+02
-1.13456001e+02
-1.13103188e+02
-1.12749313e+02
-1.12394363e+02
-1.12038361e+02
-1.11681305e+02
-1.11323196e+02
-1.10964035e+02
-1.10603836e+02
-1.10242584e+02
-1.09880302e+02
-1.09516983e+02
-1.09152626e+02
-1.08787247e+02
-1.08420853e+02
-1.08053429e+02
-1.07684982e+02
-1.07315521e+02
-1.06945068e+02
-1.06573578e+02
-1.06201103e+02
-1.05827606e+02
-1.05453133e+02
-1.05077660e+02
-1.04701202e+02
-1.04323753e+02
-1.03945328e+02
-1.03565910e+02
-1.03185516e+02
-1.02804161e+02
-1.02421829e+02
-1.02038536e+02
-1.01654282e+02
-1.01269066e+02
-1.00882912e+02
-1.00495796e+02
-1.00107727e+02
-9.97187271e+01
-9.93287735e+01
-9.89378967e+01
-9.85460815e+01
-9.81533356e+01
-9.77596741e+01
-9.73650894e+01
-9.69695816e+01
-9.65731659e+01
-9.61758347e+01
-9.57775955e+01
-9.53784561e+01
-9.49784164e+01
-9.45774918e+01
-9.41756744e+01
-9.37729721e+01
-9.33693695e+01
-9.29648972e+01
-9.25595474e+01
-9.21533356e+01
-9.17462463e+01
-9.13382874e+01
-9.09294891e+01
-9.05198212e+01
-9.01092758e+01
-8.96979141e+01
-8.92856903e+01
-8.88726273e+01
-8.84587402e+01
-8.80440140e+01
-8.76284561e+01
-8.72120667e+01
-8.67948608e+01
-8.63768387e+01
-8.59580078e+01
-8.55383606e+01
-8.51179047e+01
-8.46966476e+01
-8.42745972e+01
-8.38517456e+01
-8.34281082e+01
-8.30036850e+01
-8.25784836e+01
-8.21524963e+01
-8.17257385e+01
-8.12982178e+01
-8.08699188e+01
-8.04408722e+01
-8.00110550e+01
-7.95804825e+01
-7.91491623e+01
-7.87171097e+01
-7.82843094e+01
-7.78507614e+01
-7.74164886e+01
-7.69814835e+01
-7.65457611e+01
-7.61093140e+01
-7.56721420e+01
-7.52342606e+01
-7.47956696e+01
-7.43563690e+01
-7.39163742e+01
-7.34756851e+01
-7.30343018e+01
-7.25922241e+01
-7.21494751e+01
-7.17060394e+01
-7.12619324e+01
-7.08171539e+01
-7.03717041e+01
-6.99255905e+01
-6.94788055e+01
-6.90313873e+01
-6.85833130e+01
-6.81345901e+01
-6.76852264e+01
-6.72352295e+01
-6.67845917e+01
-6.63333282e+01
-6.58814316e+01
-6.54289246e+01
-6.49757996e+01
-6.45220642e+01
-6.40677109e+01
-6.36127625e+01
-6.31572113e+01
-6.27010651e+01
-6.22443275e+01
-6.17870064e+01
-6.13290977e+01
-6.08706207e+01
-6.04115677e+01
-5.99519424e+01
-5.94917526e+01
-5.90309982e+01
-5.85696983e+01
-5.81078377e+01
-5.76454315e+01
-5.71824837e+01
-5.67189941e+01
-5.62549706e+01
-5.57904167e+01
-5.53253441e+01
-5.48597488e+01
-5.43936310e+01
-5.39270058e+01
-5.34598656e+01
-5.29922256e+01
-5.25240860e+01
-5.20554581e+01
-5.15863342e+01
-5.11167221e+01
-5.06466293e+01
-5.01760559e+01
-4.97050133e+01
-4.92335052e+01
-4.87615318e+01
-4.82890968e+01
-4.78162079e+01
-4.73428726e+01
-4.68690834e+01
-4.63948555e+01
-4.59201927e+01
-4.54450989e+01
-4.49695740e+01
-4.44936295e+01
-4.40172577e+01
-4.35404701e+01
-4.30632782e+01
-4.25856857e+01
-4.21076889e+01
-4.16292953e+01
-4.11505051e+01
-4.06713295e+01
-4.01917686e+01
-3.97118301e+01
-3.92315178e+01
-3.87508392e+01
-3.82697906e+01
-3.77883835e+01
-3.73066216e+01
-3.68245049e+01
-3.63420448e+01
-3.58592415e+01
-3.53760986e+01
-3.48926239e+01
-3.44088173e+01
-3.39246902e+01
-3.34402428e+01
-3.29554825e+01
-3.24704056e+01
-3.19850311e+01
-3.14993496e+01
-3.10133724e+01
-3.05271034e+01
-3.00405464e+01
-2.95537071e+01
-2.90665874e+01
-2.85791931e+01
-2.80915318e+01
-2.76036053e+01
-2.71154194e+01
-2.66269779e+01
-2.61382828e+01
-2.56493473e+01
-2.51601658e+01
-2.46707458e+01
-2.41810970e+01
-2.36912193e+01
-2.32011185e+01
-2.27107983e+01
-2.22202644e+01
-2.17295227e+01
-2.12385731e+01
-2.07474251e+01
-2.02560825e+01
-1.97645473e+01
-1.92728271e+01
-1.87809258e+01
-1.82888489e+01
-1.77965965e+01
-1.73041782e+01
-1.68115959e+01
-1.63188553e+01
-1.58259621e+01
-1.53329182e+01
-1.48397303e+01
-1.43464022e+01
-1.38529387e+01
-1.33593445e+01
-1.28656263e+01
-1.23717871e+01
-1.18778296e+01
-1.13837605e+01
-1.08895845e+01
-1.03953066e+01
-9.90093040e+00
-9.40645981e+00
-8.91190147e+00
-8.41725826e+00
-7.92253733e+00
-7.42774105e+00
-6.93287468e+00
-6.43794250e+00
-5.94295025e+00
-5.44790220e+00
-4.95280266e+00
-4.45765591e+00
-3.96246767e+00
-3.46724272e+00
-2.97199273e+00
-2.47678804e+00
-1.98211503e+00
-1.49050915e+00
-1.01128340e+00
-5.66061378e-01
-1.77011117e-01
1.77011117e-01
5.66061378e-01
