-3.18001080e+00
-1.02025497e+00
1.02025497e+00
3.18001080e+00
5.57157707e+00
8.14205265e+00
1.07992706e+01
1.34863234e+01
1.61810188e+01
1.88771324e+01
2.15733166e+01
2.42693291e+01
2.69651165e+01
2.96606503e+01
3.23559036e+01
3.50508499e+01
3.77454681e+01
4.04397316e+01
4.31336136e+01
4.58270912e+01
4.85201378e+01
5.12127228e+01
5.39048271e+01
5.65964241e+01
5.92874870e+01
6.19779854e+01
6.46679077e+01
6.73572235e+01
7.00458908e+01
7.27339172e+01
7.54212494e+01
7.81078720e+01
8.07937622e+01
8.34788818e+01
8.61632156e+01
8.88467407e+01
9.15294342e+01
9.42112579e+01
9.68921967e+01
9.95722198e+01
1.02251328e+02
1.04929443e+02
1.07606575e+02
1.10282692e+02
1.12957779e+02
1.15631798e+02
1.18304726e+02
1.20976547e+02
1.23647209e+02
1.26316727e+02
1.28985046e+02
1.31652145e+02
1.34317993e+02
1.36982605e+02
1.39645920e+02
1.42307907e+02
1.44968552e+02
1.47627853e+02
1.50285751e+02
1.52942230e+02
1.55597260e+02
1.58250824e+02
1.60902924e+02
1.63553482e+02
1.66202515e+02
1.68849960e+02
1.71495819e+02
1.74140060e+02
1.76782684e+02
1.79423645e+02
1.82062912e+02
1.84700424e+02
1.87336227e+02
1.89970276e+02
1.92602509e+02
1.95232925e+02
1.97861496e+02
2.00488235e+02
2.03113083e+02
2.05735992e+02
2.08356979e+02
2.10976028e+02
2.13593063e+02
2.16208084e+02
2.18821075e+02
2.21432007e+02
2.24040833e+02
2.26647568e+02
2.29252136e+02
2.31854553e+02
2.34454819e+02
2.37052872e+02
2.39648666e+02
2.42242218e+02
2.44833481e+02
2.47422455e+02
2.50009064e+02
2.52593338e+02
2.55175247e+02
2.57754730e+02
2.60331757e+02
2.62906372e+02
2.65478516e+02
2.68048126e+02
2.70615234e+02
2.73179810e+02
2.75741791e+02
2.78301147e+02
2.80857910e+02
2.83412048e+02
2.85963470e+02
2.88512207e+02
2.91058258e+02
2.93601562e+02
2.96142090e+02
2.98679810e+02
3.01214722e+02
3.03746796e+02
3.06276001e+02
3.08802338e+02
3.11325745e+02
3.13846283e+02
3.16363831e+02
3.18878357e+02
3.21389923e+02
3.23898407e+02
3.26403870e+02
3.28906250e+02
3.31405548e+02
3.33901733e+02
3.36394745e+02
3.38884613e+02
3.41371307e+02
3.43854767e+02
3.46334930e+02
3.48811890e+02
3.51285522e+02
3.53755859e+02
3.56222870e+02
3.58686554e+02
3.61146790e+02
3.63603699e+02
3.66057129e+02
3.68507202e+02
3.70953705e+02
3.73396729e+02
3.75836243e+02
3.78272247e+02
3.80704651e+02
3.83133423e+02
3.85558655e+02
3.87980286e+02
3.90398224e+02
3.92812469e+02
3.95223022e+02
3.97629852e+02
4.00032898e+02
4.02432220e+02
4.04827728e+02
4.07219452e+02
4.09607330e+02
4.11991333e+02
4.14371429e+02
4.16747681e+02
4.19119965e+02
4.21488312e+02
4.23852692e+02
4.26213074e+02
4.28569397e+02
4.30921783e+02
4.33270081e+02
4.35614258e+02
4.37954315e+02
4.40290283e+02
4.42622101e+02
4.44949738e+02
4.47273163e+02
4.49592377e+02
4.51907349e+02
4.54218109e+02
4.56524597e+02
4.58826752e+02
4.61124573e+02
4.63418060e+02
4.65707214e+02
4.67991943e+02
4.70272278e+02
4.72548157e+02
4.74819611e+02
4.77086578e+02
4.79349121e+02
4.81607056e+02
4.83860504e+02
4.86109344e+02
4.88353668e+02
4.90593353e+02
4.92828430e+02
4.95058807e+02
4.97284576e+02
4.99505585e+02
5.01721985e+02
5.03933624e+02
5.06140503e+02
5.08342590e+02
5.10539917e+02
5.12732422e+02
5.14920105e+02
5.17102966e+02
5.19280945e+02
5.21454041e+02
5.23622192e+02
5.25785461e+02
5.27943726e+02
5.30097046e+02
5.32245300e+02
5.34388611e+02
5.36526855e+02
5.38660095e+02
5.40788147e+02
5.42911194e+02
5.45029114e+02
5.47141846e+02
5.49249512e+02
5.51351990e+02
5.53449219e+02
5.55541260e+02
5.57628052e+02
5.59709656e+02
5.61785950e+02
5.63856934e+02
5.65922607e+02
5.67982971e+02
5.70037964e+02
5.72087524e+02
5.74131714e+02
5.76170532e+02
5.78203979e+02
5.80231873e+02
5.82254395e+02
5.84271362e+02
5.86282837e+02
5.88288879e+02
5.90289246e+02
5.92284180e+02
5.94273438e+02
5.96257141e+02
5.98235229e+02
6.00207642e+02
6.02174377e+02
6.04135437e+02
6.06090881e+02
6.08040527e+02
6.09984497e+02
6.11922852e+02
6.13855286e+02
6.15781982e+02
6.17702881e+02
6.19617859e+02
6.21527100e+02
6.23430481e+02
6.25327942e+02
6.27219482e+02
6.29105103e+02
6.30984924e+02
6.32858765e+02
6.34726562e+02
6.36588501e+02
6.38444336e+02
6.40294189e+02
6.42138000e+02
6.43975769e+02
6.45807495e+02
6.47633057e+02
6.49452637e+02
6.51265991e+02
6.53073303e+02
6.54874390e+02
6.56669373e+02
6.58458130e+02
6.60240723e+02
6.62017029e+02
6.63787170e+02
6.65550964e+02
6.67308472e+02
6.69059814e+02
6.70804810e+02
6.72543396e+02
6.74275757e+02
6.76001709e+02
6.77721313e+02
6.79434448e+02
6.81141235e+02
6.82841614e+02
6.84535583e+02
6.86223145e+02
6.87904175e+02
6.89578796e+02
6.91246826e+02
6.92908386e+02
6.94563477e+02
6.96211914e+02
6.97853882e+02
6.99489258e+02
7.01118042e+02
7.02740234e+02
7.04355774e+02
7.05964539e+02
7.07566772e+02
7.09162415e+02
7.10751343e+02
7.12333496e+02
7.13908997e+02
7.15477722e+02
7.17039795e+02
7.18595093e+02
7.20143616e+02
7.21685303e+02
7.23220215e+02
7.24748291e+02
7.26269531e+02
7.27784058e+02
7.29291504e+02
7.30792236e+02
7.32286072e+02
7.33773071e+02
7.35253052e+02
7.36726135e+02
7.38192261e+02
7.39651306e+02
7.41103638e+02
7.42548828e+02
7.43987061e+02
7.45418274e+02
7.46842468e+02
7.48259583e+02
7.49669739e+02
7.51072754e+02
7.52468750e+02
7.53857666e+02
7.55239441e+02
7.56614136e+02
7.57981628e+02
7.59342041e+02
7.60695312e+02
7.62041382e+02
7.63380249e+02
7.64711975e+02
7.66036560e+02
7.67353882e+02
7.68663879e+02
7.69966736e+02
7.71262268e+02
7.72550537e+02
7.73831543e+02
7.75105225e+02
7.76371582e+02
7.77630615e+02
7.78882446e+02
7.80126892e+02
7.81364014e+02
7.82593750e+02
7.83816162e+02
7.85031128e+02
7.86238770e+02
7.87438843e+02
7.88631592e+02
7.89816833e+02
7.90994751e+02
7.92165161e+02
7.93328125e+02
7.94483643e+02
7.95631653e+02
7.96772217e+02
7.97905090e+02
7.99030518e+02
8.00148560e+02
8.01258972e+02
8.02361816e+02
8.03457153e+02
8.04544922e+02
8.05625061e+02
8.06697632e+02
8.07762634e+02
8.08819946e+02
8.09869690e+02
8.10911743e+02
8.11946167e+02
8.12972961e+02
8.13992188e+02
8.15003662e+02
8.16007507e+02
8.17003662e+02
8.17992065e+02
8.18972717e+02
8.19945679e+02
8.20910950e+02
8.21868530e+02
8.22818298e+02
8.23760376e+02
8.24694763e+02
8.25621216e+02
8.26539978e+02
8.27450867e+02
8.28354004e+02
8.29249329e+02
8.30136841e+02
8.31016541e+02
8.31888428e+02
8.32752441e+02
8.33608643e+02
8.34456970e+02
8.35297485e+02
8.36130127e+02
8.36954834e+02
8.37771729e+02
8.38580627e+02
8.39381714e+02
8.40174866e+02
8.40960022e+02
8.41737366e+02
8.42506653e+02
8.43268188e+02
8.44021606e+02
8.44767151e+02
8.45504761e+02
8.46234497e+02
8.46955994e+02
8.47669678e+02
8.48375366e+02
8.49073059e+02
8.49762817e+02
8.50444519e+02
8.51118225e+02
8.51783875e+02
8.52441406e+02
8.53091003e+02
8.53732544e+02
8.54366089e+02
8.54991577e+02
8.55609009e+02
8.56218262e+02
8.56819519e+02
8.57412659e+02
8.57997925e+02
8.58574951e+02
8.59143921e+02
8.59704712e+02
8.60257446e+02
8.60802124e+02
8.61338745e+02
8.61867188e+02
8.62387451e+02
8.62899597e+02
8.63403625e+02
8.63899658e+02
8.64387390e+02
8.64867004e+02
8.65338440e+02
8.65801758e+02
8.66256958e+02
8.66704041e+02
8.67142883e+02
8.67573547e+02
8.67996033e+02
8.68410339e+02
8.68816528e+02
8.69214417e+02
8.69604126e+02
8.69985779e+02
8.70359192e+02
8.70724426e+02
8.71081360e+02
8.71430115e+02
8.71770691e+02
8.72103088e+02
8.72427246e+02
8.72743103e+02
8.73050781e+02
8.73350220e+02
8.73641418e+02
8.73924561e+02
8.74199341e+02
8.74465759e+02
8.74723999e+02
8.74973999e+02
8.75215942e+02
8.75449524e+02
8.75674866e+02
8.75891968e+02
8.76100769e+02
8.76301392e+02
8.76493530e+02
8.76677551e+02
8.76853333e+02
8.77020996e+02
8.77180176e+02
8.77331177e+02
8.77473877e+02
8.77608398e+02
8.77734619e+02
8.77852539e+02
8.77962158e+02
8.78063538e+02
8.78156677e+02
8.78241516e+02
8.78318115e+02
8.78386414e+02
8.78446411e+02
8.78498108e+02
8.78541626e+02
8.78576721e+02
8.78603638e+02
8.78622314e+02
8.78632568e+02
8.78634644e+02
8.78628418e+02
8.78614014e+02
8.78591248e+02
8.78560181e+02
8.78520813e+02
8.78473267e+02
8.78417297e+02
8.78353149e+02
8.78280762e+02
8.78200073e+02
8.78111145e+02
8.78013916e+02
8.77908386e+02
8.77794556e+02
8.77672546e+02
8.77542236e+02
8.77403625e+02
8.77256714e+02
8.77101624e+02
8.76938232e+02
8.76766541e+02
8.76586609e+02
8.76398376e+02
8.76201965e+02
8.75997314e+02
8.75784363e+02
8.75563232e+02
8.75333801e+02
8.75096069e+02
8.74850159e+02
8.74595947e+02
8.74333557e+02
8.74062805e+02
8.73783997e+02
8.73496887e+02
8.73201477e+02
8.72897888e+02
8.72586121e+02
8.72266174e+02
8.71937866e+02
8.71601501e+02
8.71256775e+02
8.70903931e+02
8.70542847e+02
8.70173523e+02
8.69796021e+02
8.69410400e+02
8.69016479e+02
8.68614441e+02
8.68204224e+02
8.67785767e+02
8.67359131e+02
8.66924377e+02
8.66481445e+02
8.66030457e+02
8.65571167e+02
8.65103760e+02
8.64628052e+02
8.64144409e+02
8.63652588e+02
8.63152588e+02
8.62644592e+02
8.62128296e+02
8.61603943e+02
8.61071411e+02
8.60530884e+02
8.59982117e+02
8.59425354e+02
8.58860474e+02
8.58287476e+02
8.57706360e+02
8.57117126e+02
8.56519897e+02
8.55914551e+02
8.55301208e+02
8.54679749e+02
8.54050293e+02
8.53412781e+02
8.52767212e+02
8.52113647e+02
8.51451965e+02
8.50782288e+02
8.50104614e+02
8.49418945e+02
8.48725220e+02
8.48023560e+02
8.47313782e+02
8.46596130e+02
8.45870605e+02
8.45137085e+02
8.44395508e+02
8.43645996e+02
8.42888428e+02
8.42122986e+02
8.41349670e+02
8.40568420e+02
8.39779297e+02
8.38982178e+02
8.38177185e+02
8.37364319e+02
8.36543518e+02
8.35714783e+02
8.34878235e+02
8.34033875e+02
8.33181641e+02
8.32321472e+02
8.31453491e+02
8.30577759e+02
8.29694092e+02
8.28802734e+02
8.27903381e+02
8.26996277e+02
8.26081421e+02
8.25158875e+02
8.24228455e+02
8.23290283e+02
8.22344421e+02
8.21390747e+02
8.20429260e+02
8.19460083e+02
8.18483215e+02
8.17498657e+02
8.16506531e+02
8.15506592e+02
8.14498901e+02
8.13483459e+02
8.12460510e+02
8.11429871e+02
8.10391602e+02
8.09345703e+02
8.08292175e+02
8.07231018e+02
8.06162292e+02
8.05085938e+02
8.04002014e+02
8.02910461e+02
8.01811401e+02
8.00704773e+02
7.99590576e+02
7.98468872e+02
7.97339661e+02
7.96202881e+02
7.95058594e+02
7.93906860e+02
7.92747620e+02
7.91580933e+02
7.90406860e+02
7.89225220e+02
7.88036194e+02
7.86839722e+02
7.85635864e+02
7.84424622e+02
7.83205933e+02
7.81979797e+02
7.80746399e+02
7.79505676e+02
7.78257629e+02
7.77002136e+02
7.75739380e+02
7.74469360e+02
7.73191956e+02
7.71907288e+02
7.70615356e+02
7.69316223e+02
7.68009766e+02
7.66696106e+02
7.65375183e+02
7.64047119e+02
7.62711853e+02
7.61369324e+02
7.60019653e+02
7.58662842e+02
7.57298767e+02
7.55927673e+02
7.54549500e+02
7.53164124e+02
7.51771667e+02
7.50372192e+02
7.48965637e+02
7.47552002e+02
7.46131287e+02
7.44703552e+02
7.43268738e+02
7.41827087e+02
7.40378357e+02
7.38922668e+02
7.37459961e+02
7.35990417e+02
7.34513916e+02
7.33030518e+02
7.31540039e+02
7.30042908e+02
7.28538757e+02
7.27027649e+02
7.25509827e+02
7.23985107e+02
7.22453674e+02
7.20915344e+02
7.19370239e+02
7.17818359e+02
7.16259705e+02
7.14694275e+02
7.13122192e+02
7.11543335e+02
7.09957825e+02
7.08365540e+02
7.06766602e+02
7.05161011e+02
7.03548706e+02
7.01929932e+02
7.00304382e+02
6.98672363e+02
6.97033752e+02
6.95388550e+02
6.93736816e+02
6.92078491e+02
6.90413696e+02
6.88742310e+02
6.87064514e+02
6.85380310e+02
6.83689575e+02
6.81992371e+02
6.80288696e+02
6.78578674e+02
6.76862244e+02
6.75139465e+02
6.73410400e+02
6.71674927e+02
6.69933105e+02
6.68184937e+02
6.66430420e+02
6.64669800e+02
6.62902893e+02
6.61129639e+02
6.59350098e+02
6.57564453e+02
6.55772644e+02
6.53974609e+02
6.52170410e+02
6.50360046e+02
6.48543579e+02
6.46721069e+02
6.44892334e+02
6.43057617e+02
6.41216858e+02
6.39369995e+02
6.37517151e+02
6.35658264e+02
6.33793396e+02
6.31922607e+02
6.30045776e+02
6.28163086e+02
6.26274475e+02
6.24379883e+02
6.22479492e+02
6.20573181e+02
6.18661133e+02
6.16743103e+02
6.14819275e+02
6.12889709e+02
6.10954407e+02
6.09013306e+02
6.07066467e+02
6.05113892e+02
6.03155701e+02
6.01191772e+02
5.99222168e+02
5.97246887e+02
5.95265991e+02
5.93279480e+02
5.91287415e+02
5.89289795e+02
5.87286560e+02
5.85277832e+02
5.83263611e+02
5.81243896e+02
5.79218628e+02
5.77187988e+02
5.75151917e+02
5.73110352e+02
5.71063416e+02
5.69011108e+02
5.66953491e+02
5.64890442e+02
5.62822083e+02
5.60748413e+02
5.58669495e+02
5.56585327e+02
5.54495972e+02
5.52401245e+02
5.50301392e+02
5.48196350e+02
5.46086182e+02
5.43970764e+02
5.41850281e+02
5.39724792e+02
5.37594116e+02
5.35458374e+02
5.33317566e+02
5.31171753e+02
5.29020996e+02
5.26865173e+02
5.24704468e+02
5.22538757e+02
5.20368164e+02
5.18192566e+02
5.16012207e+02
5.13826904e+02
5.11636810e+02
5.09441895e+02
5.07242126e+02
5.05037628e+02
5.02828400e+02
5.00614380e+02
4.98395660e+02
4.96172272e+02
4.93944214e+02
4.91711456e+02
4.89474091e+02
4.87232056e+02
4.84985504e+02
4.82734375e+02
4.80478668e+02
4.78218414e+02
4.75953735e+02
4.73684540e+02
4.71410828e+02
4.69132721e+02
4.66850159e+02
4.64563232e+02
4.62271942e+02
4.59976257e+02
4.57676208e+02
4.55371918e+02
4.53063293e+02
4.50750488e+02
4.48433350e+02
4.46112000e+02
4.43786407e+02
4.41456696e+02
4.39122803e+02
4.36784821e+02
4.34442688e+02
4.32096436e+02
4.29746155e+02
4.27391785e+02
4.25033386e+02
4.22671021e+02
4.20304657e+02
4.17934357e+02
4.15560089e+02
4.13181885e+02
4.10799805e+02
4.08413879e+02
4.06024109e+02
4.03630463e+02
4.01233063e+02
3.98831848e+02
3.96426880e+02
3.94018219e+02
3.91605804e+02
3.89189697e+02
3.86769989e+02
3.84346588e+02
3.81919556e+02
3.79488922e+02
3.77054749e+02
3.74616974e+02
3.72175659e+02
3.69730927e+02
3.67282654e+02
3.64830872e+02
3.62375732e+02
3.59917114e+02
3.57455170e+02
3.54989838e+02
3.52521179e+02
3.50049164e+02
3.47573883e+02
3.45095245e+02
3.42613403e+02
3.40128387e+02
3.37640106e+02
3.35148682e+02
3.32654083e+02
3.30156342e+02
3.27655487e+02
3.25151581e+02
3.22644531e+02
3.20134521e+02
3.17621490e+02
3.15105408e+02
3.12586426e+02
3.10064484e+02
3.07539581e+02
3.05011810e+02
3.02481110e+02
2.99947632e+02
2.97411285e+02
2.94872162e+02
2.92330261e+02
2.89785583e+02
2.87238220e+02
2.84688110e+02
2.82135345e+02
2.79579926e+02
2.77021820e+02
2.74461121e+02
2.71897827e+02
2.69332031e+02
2.66763672e+02
2.64192780e+02
2.61619385e+02
2.59043579e+02
2.56465302e+02
2.53884628e+02
2.51301544e+02
2.48716095e+02
2.46128281e+02
2.43538177e+02
2.40945770e+02
2.38351089e+02
2.35754166e+02
2.33155029e+02
2.30553665e+02
2.27950134e+02
2.25344482e+02
2.22736694e+02
2.20126831e+02
2.17514847e+02
2.14900848e+02
2.12284821e+02
2.09666794e+02
2.07046783e+02
2.04424835e+02
2.01800964e+02
1.99175171e+02
1.96547501e+02
1.93917969e+02
1.91286636e+02
1.88653503e+02
1.86018555e+02
1.83381912e+02
1.80743500e+02
1.78103409e+02
1.75461624e+02
1.72818176e+02
1.70173126e+02
1.67526459e+02
1.64878235e+02
1.62228439e+02
1.59577103e+02
1.56924255e+02
1.54269943e+02
1.51614182e+02
1.48957001e+02
1.46298401e+02
1.43638428e+02
1.40977112e+02
1.38314453e+02
1.35650497e+02
1.32985260e+02
1.30318771e+02
1.27651062e+02
1.24982147e+02
1.22312042e+02
1.19640808e+02
1.16968437e+02
1.14294968e+02
1.11620399e+02
1.08944786e+02
1.06268150e+02
1.03590523e+02
1.00911919e+02
9.82323685e+01
9.55518723e+01
9.28704910e+01
9.01882248e+01
8.75051193e+01
8.48211823e+01
8.21364441e+01
7.94509354e+01
7.67646790e+01
7.40776901e+01
7.13900223e+01
6.87016678e+01
6.60126648e+01
6.33230438e+01
6.06328278e+01
5.79420471e+01
5.52507133e+01
5.25588684e+01
4.98665161e+01
4.71736908e+01
4.44804306e+01
4.17867470e+01
3.90926743e+01
3.63982277e+01
3.37034454e+01
3.10083389e+01
2.83129406e+01
2.56172771e+01
2.29213734e+01
2.02252522e+01
1.75289421e+01
1.48324661e+01
1.21358490e+01
9.43911743e+00
6.74229717e+00
4.04541445e+00
1.34849310e+00
-1.34844089e+00
-4.04536247e+00
-6.74224567e+00
-9.43906498e+00
-1.21357956e+01
-1.48324108e+01
-1.75288868e+01
-2.02252007e+01
-2.29213219e+01
-2.56172256e+01
-2.83128929e+01
-3.10082893e+01
-3.37033920e+01
-3.63981781e+01
-3.90926208e+01
-4.17866974e+01
-4.44803848e+01
-4.71736488e+01
-4.98664665e+01
-5.25588150e+01
-5.52506752e+01
-5.79420052e+01
-6.06327896e+01
-6.33230057e+01
-6.60126190e+01
-6.87016220e+01
-7.13899765e+01
-7.40776520e+01
-7.67646408e+01
-7.94508972e+01
-8.21364059e+01
-8.48211365e+01
-8.75050659e+01
-9.01881714e+01
-9.28704224e+01
-9.55518112e+01
-9.82323074e+01
-1.00911858e+02
-1.03590462e+02
-1.06268097e+02
-1.08944740e+02
-1.11620338e+02
-1.14294891e+02
-1.16968369e+02
-1.19640755e+02
-1.22311996e+02
-1.24982094e+02
-1.27651001e+02
-1.30318710e+02
-1.32985214e+02
-1.35650436e+02
-1.38314407e+02
-1.40977051e+02
-1.43638397e+02
-1.46298370e+02
-1.48956955e+02
-1.51614151e+02
-1.54269897e+02
-1.56924210e+02
-1.59577042e+02
-1.62228363e+02
-1.64878159e+02
-1.67526413e+02
-1.70173065e+02
-1.72818146e+02
-1.75461548e+02
-1.78103363e+02
-1.80743469e+02
-1.83381866e+02
-1.86018524e+02
-1.88653427e+02
-1.91286575e+02
-1.93917908e+02
-1.96547440e+02
-1.99175110e+02
-2.01800903e+02
-2.04424774e+02
-2.07046738e+02
-2.09666748e+02
-2.12284775e+02
-2.14900787e+02
-2.17514801e+02
-2.20126755e+02
-2.22736633e+02
-2.25344437e+02
-2.27950089e+02
-2.30553619e+02
-2.33154953e+02
-2.35754105e+02
-2.38351028e+02
-2.40945709e+02
-2.43538132e+02
-2.46128235e+02
-2.48716019e+02
-2.51301468e+02
-2.53884537e+02
-2.56465240e+02
-2.59043518e+02
-2.61619324e+02
-2.64192688e+02
-2.66763611e+02
-2.69331970e+02
-2.71897827e+02
-2.74461090e+02
-2.77021759e+02
-2.79579834e+02
-2.82135284e+02
-2.84688080e+02
-2.87238159e+02
-2.89785553e+02
-2.92330200e+02
-2.94872101e+02
-2.97411224e+02
-2.99947571e+02
-3.02481049e+02
-3.05011719e+02
-3.07539520e+02
-3.10064423e+02
-3.12586334e+02
-3.15105347e+02
-3.17621368e+02
-3.20134460e+02
-3.22644501e+02
-3.25151489e+02
-3.27655457e+02
-3.30156281e+02
-3.32654053e+02
-3.35148651e+02
-3.37640076e+02
-3.40128357e+02
-3.42613373e+02
-3.45095215e+02
-3.47573792e+02
-3.50049072e+02
-3.52521088e+02
-3.54989777e+02
-3.57455109e+02
-3.59917114e+02
-3.62375671e+02
-3.64830841e+02
-3.67282562e+02
-3.69730835e+02
-3.72175629e+02
-3.74616913e+02
-3.77054657e+02
-3.79488892e+02
-3.81919495e+02
-3.84346527e+02
-3.86769897e+02
-3.89189667e+02
-3.91605804e+02
-3.94018188e+02
-3.96426849e+02
-3.98831818e+02
-4.01233002e+02
-4.03630432e+02
-4.06024017e+02
-4.08413818e+02
-4.10799774e+02
-4.13181854e+02
-4.15560059e+02
-4.17934296e+02
-4.20304626e+02
-4.22670990e+02
-4.25033386e+02
-4.27391754e+02
-4.29746094e+02
-4.32096405e+02
-4.34442596e+02
-4.36784729e+02
-4.39122772e+02
-4.41456665e+02
-4.43786407e+02
-4.46111969e+02
-4.48433319e+02
-4.50750458e+02
-4.53063293e+02
-4.55371918e+02
-4.57676208e+02
-4.59976227e+02
-4.62271881e+02
-4.64563171e+02
-4.66850128e+02
-4.69132660e+02
-4.71410797e+02
-4.73684448e+02
-4.75953644e+02
-4.78218384e+02
-4.80478638e+02
-4.82734314e+02
-4.84985474e+02
-4.87232056e+02
-4.89474060e+02
-4.91711365e+02
-4.93944122e+02
-4.96172241e+02
-4.98395630e+02
-5.00614380e+02
-5.02828400e+02
-5.05037628e+02
-5.07242126e+02
-5.09441864e+02
-5.11636780e+02
-5.13826904e+02
-5.16012146e+02
-5.18192505e+02
-5.20368042e+02
-5.22538635e+02
-5.24704346e+02
-5.26865112e+02
-5.29020935e+02
-5.31171692e+02
-5.33317566e+02
-5.35458374e+02
-5.37594116e+02
-5.39724731e+02
-5.41850281e+02
-5.43970764e+02
-5.46086182e+02
-5.48196350e+02
-5.50301331e+02
-5.52401184e+02
-5.54495850e+02
-5.56585266e+02
-5.58669495e+02
-5.60748413e+02
-5.62822021e+02
-5.64890442e+02
-5.66953430e+02
-5.69011108e+02
-5.71063416e+02
-5.73110352e+02
-5.75151855e+02
-5.77187927e+02
-5.79218628e+02
-5.81243835e+02
-5.83263611e+02
-5.85277771e+02
-5.87286560e+02
-5.89289734e+02
-5.91287415e+02
-5.93279480e+02
-5.95265991e+02
-5.97246826e+02
-5.99222107e+02
-6.01191711e+02
-6.03155640e+02
-6.05113892e+02
-6.07066467e+02
-6.09013306e+02
-6.10954407e+02
-6.12889709e+02
-6.14819275e+02
-6.16743103e+02
-6.18661011e+02
-6.20573181e+02
-6.22479431e+02
-6.24379822e+02
-6.26274353e+02
-6.28163086e+02
-6.30045776e+02
-6.31922546e+02
-6.33793396e+02
-6.35658264e+02
-6.37517151e+02
-6.39369995e+02
-6.41216858e+02
-6.43057617e+02
-6.44892334e+02
-6.46721069e+02
-6.48543579e+02
-6.50360046e+02
-6.52170410e+02
-6.53974609e+02
-6.55772644e+02
-6.57564453e+02
-6.59350098e+02
-6.61129639e+02
-6.62902832e+02
-6.64669800e+02
-6.66430420e+02
-6.68184937e+02
-6.69933105e+02
-6.71674927e+02
-6.73410400e+02
-6.75139465e+02
-6.76862244e+02
-6.78578674e+02
-6.80288696e+02
-6.81992371e+02
-6.83689575e+02
-6.85380310e+02
-6.87064514e+02
-6.88742310e+02
-6.90413696e+02
-6.92078491e+02
-6.93736816e+02
-6.95388550e+02
-6.97033752e+02
-6.98672363e+02
-7.00304382e+02
-7.01929932e+02
-7.03548706e+02
-7.05160950e+02
-7.06766541e+02
-7.08365479e+02
-7.09957642e+02
-7.11543152e+02
-7.13122070e+02
-7.14694275e+02
-7.16259644e+02
-7.17818298e+02
-7.19370117e+02
-7.20915222e+02
-7.22453613e+02
-7.23985107e+02
-7.25509827e+02
-7.27027649e+02
-7.28538635e+02
-7.30042725e+02
-7.31540039e+02
-7.33030396e+02
-7.34513855e+02
-7.35990417e+02
-7.37459961e+02
-7.38922668e+02
-7.40378357e+02
-7.41827087e+02
-7.43268738e+02
-7.44703552e+02
-7.46131287e+02
-7.47551941e+02
-7.48965515e+02
-7.50372131e+02
-7.51771667e+02
-7.53164124e+02
-7.54549500e+02
-7.55927673e+02
-7.57298767e+02
-7.58662842e+02
-7.60019653e+02
-7.61369263e+02
-7.62711670e+02
-7.64046936e+02
-7.65375122e+02
-7.66696045e+02
-7.68009705e+02
-7.69316101e+02
-7.70615295e+02
-7.71907288e+02
-7.73191956e+02
-7.74469360e+02
-7.75739380e+02
-7.77002136e+02
-7.78257629e+02
-7.79505676e+02
-7.80746399e+02
-7.81979797e+02
-7.83205872e+02
-7.84424561e+02
-7.85635742e+02
-7.86839661e+02
-7.88036194e+02
-7.89225220e+02
-7.90406860e+02
-7.91580933e+02
-7.92747620e+02
-7.93906860e+02
-7.95058594e+02
-7.96202881e+02
-7.97339661e+02
-7.98468872e+02
-7.99590576e+02
-8.00704773e+02
-8.01811401e+02
-8.02910461e+02
-8.04001892e+02
-8.05085815e+02
-8.06162170e+02
-8.07231018e+02
-8.08292175e+02
-8.09345703e+02
-8.10391602e+02
-8.11429871e+02
-8.12460510e+02
-8.13483459e+02
-8.14498901e+02
-8.15506531e+02
-8.16506470e+02
-8.17498657e+02
-8.18483154e+02
-8.19460083e+02
-8.20429260e+02
-8.21390747e+02
-8.22344421e+02
-8.23290283e+02
-8.24228455e+02
-8.25158875e+02
-8.26081421e+02
-8.26996277e+02
-8.27903381e+02
-8.28802734e+02
-8.29694092e+02
-8.30577759e+02
-8.31453491e+02
-8.32321472e+02
-8.33181641e+02
-8.34033875e+02
-8.34878235e+02
-8.35714783e+02
-8.36543457e+02
-8.37364197e+02
-8.38177063e+02
-8.38982117e+02
-8.39779297e+02
-8.40568420e+02
-8.41349670e+02
-8.42122986e+02
-8.42888428e+02
-8.43645996e+02
-8.44395508e+02
-8.45137085e+02
-8.45870605e+02
-8.46596130e+02
-8.47313782e+02
-8.48023499e+02
-8.48725220e+02
-8.49418945e+02
-8.50104614e+02
-8.50782288e+02
-8.51451965e+02
-8.52113647e+02
-8.52767212e+02
-8.53412781e+02
-8.54050293e+02
-8.54679749e+02
-8.55301208e+02
-8.55914551e+02
-8.56519836e+02
-8.57117065e+02
-8.57706299e+02
-8.58287415e+02
-8.58860413e+02
-8.59425354e+02
-8.59982117e+02
-8.60530884e+02
-8.61071411e+02
-8.61603943e+02
-8.62128296e+02
-8.62644592e+02
-8.63152588e+02
-8.63652588e+02
-8.64144409e+02
-8.64628052e+02
-8.65103760e+02
-8.65571167e+02
-8.66030457e+02
-8.66481445e+02
-8.66924377e+02
-8.67359131e+02
-8.67785767e+02
-8.68204224e+02
-8.68614441e+02
-8.69016479e+02
-8.69410400e+02
-8.69796021e+02
-8.70173523e+02
-8.70542847e+02
-8.70903931e+02
-8.71256775e+02
-8.71601501e+02
-8.71937866e+02
-8.72266174e+02
-8.72586121e+02
-8.72897888e+02
-8.73201477e+02
-8.73496887e+02
-8.73783997e+02
-8.74062805e+02
-8.74333557e+02
-8.74595947e+02
-8.74850159e+02
-8.75096069e+02
-8.75333740e+02
-8.75563232e+02
-8.75784363e+02
-8.75997314e+02
-8.76201965e+02
-8.76398376e+02
-8.76586609e+02
-8.76766541e+02
-8.76938232e+02
-8.77101624e+02
-8.77256714e+02
-8.77403625e+02
-8.77542236e+02
-8.77672546e+02
-8.77794556e+02
-8.77908386e+02
-8.78013916e+02
-8.78111145e+02
-8.78200073e+02
-8.78280762e+02
-8.78353149e+02
-8.78417297e+02
-8.78473267e+02
-8.78520813e+02
-8.78560181e+02
-8.78591248e+02
-8.78614014e+02
-8.78628418e+02
-8.78634644e+02
-8.78632568e+02
-8.78622314e+02
-8.78603638e+02
-8.78576721e+02
-8.78541626e+02
-8.78498108e+02
-8.78446411e+02
-8.78386414e+02
-8.78318115e+02
-8.78241516e+02
-8.78156677e+02
-8.78063538e+02
-8.77962158e+02
-8.77852539e+02
-8.77734619e+02
-8.77608398e+02
-8.77473877e+02
-8.77331177e+02
-8.77180176e+02
-8.77020996e+02
-8.76853333e+02
-8.76677551e+02
-8.76493530e+02
-8.76301392e+02
-8.76100769e+02
-8.75891968e+02
-8.75674866e+02
-8.75449524e+02
-8.75215942e+02
-8.74973999e+02
-8.74723999e+02
-8.74465759e+02
-8.74199341e+02
-8.73924561e+02
-8.73641418e+02
-8.73350220e+02
-8.73050781e+02
-8.72743103e+02
-8.72427246e+02
-8.72103088e+02
-8.71770691e+02
-8.71430115e+02
-8.71081360e+02
-8.70724426e+02
-8.70359192e+02
-8.69985779e+02
-8.69604248e+02
-8.69214600e+02
-8.68816589e+02
-8.68410339e+02
-8.67996033e+02
-8.67573547e+02
-8.67142883e+02
-8.66704041e+02
-8.66256958e+02
-8.65801758e+02
-8.65338440e+02
-8.64867004e+02
-8.64387390e+02
-8.63899658e+02
-8.63403625e+02
-8.62899597e+02
-8.62387451e+02
-8.61867188e+02
-8.61338745e+02
-8.60802124e+02
-8.60257446e+02
-8.59704712e+02
-8.59143921e+02
-8.58574951e+02
-8.57997925e+02
-8.57412659e+02
-8.56819519e+02
-8.56218262e+02
-8.55609009e+02
-8.54991577e+02
-8.54366089e+02
-8.53732544e+02
-8.53091003e+02
-8.52441406e+02
-8.51783875e+02
-8.51118225e+02
-8.50444519e+02
-8.49762817e+02
-8.49073059e+02
-8.48375366e+02
-8.47669678e+02
-8.46955994e+02
-8.46234497e+02
-8.45504761e+02
-8.44767212e+02
-8.44021729e+02
-8.43268250e+02
-8.42506836e+02
-8.41737366e+02
-8.40960144e+02
-8.40174927e+02
-8.39381714e+02
-8.38580627e+02
-8.37771729e+02
-8.36954834e+02
-8.36130127e+02
-8.35297546e+02
-8.34457092e+02
-8.33608643e+02
-8.32752441e+02
-8.31888428e+02
-8.31016541e+02
-8.30136841e+02
-8.29249329e+02
-8.28354004e+02
-8.27450867e+02
-8.26539978e+02
-8.25621216e+02
-8.24694763e+02
-8.23760376e+02
-8.22818298e+02
-8.21868530e+02
-8.20911011e+02
-8.19945740e+02
-8.18972778e+02
-8.17992065e+02
-8.17003662e+02
-8.16007507e+02
-8.15003662e+02
-8.13992188e+02
-8.12972961e+02
-8.11946167e+02
-8.10911743e+02
-8.09869690e+02
-8.08819946e+02
-8.07762634e+02
-8.06697632e+02
-8.05625061e+02
-8.04544922e+02
-8.03457214e+02
-8.02361877e+02
-8.01259033e+02
-8.00148560e+02
-7.99030640e+02
-7.97905212e+02
-7.96772217e+02
-7.95631714e+02
-7.94483643e+02
-7.93328125e+02
-7.92165161e+02
-7.90994751e+02
-7.89816833e+02
-7.88631592e+02
-7.87438843e+02
-7.86238770e+02
-7.85031128e+02
-7.83816162e+02
-7.82593750e+02
-7.81364014e+02
-7.80126892e+02
-7.78882446e+02
-7.77630615e+02
-7.76371582e+02
-7.75105225e+02
-7.73831543e+02
-7.72550537e+02
-7.71262268e+02
-7.69966736e+02
-7.68663879e+02
-7.67353882e+02
-7.66036560e+02
-7.64711975e+02
-7.63380249e+02
-7.62041382e+02
-7.60695312e+02
-7.59342041e+02
-7.57981628e+02
-7.56614136e+02
-7.55239441e+02
-7.53857666e+02
-7.52468811e+02
-7.51072815e+02
-7.49669800e+02
-7.48259766e+02
-7.46842529e+02
-7.45418335e+02
-7.43987061e+02
-7.42548889e+02
-7.41103638e+02
-7.39651306e+02
-7.38192261e+02
-7.36726135e+02
-7.35253052e+02
-7.33773071e+02
-7.32286072e+02
-7.30792358e+02
-7.29291687e+02
-7.27784119e+02
-7.26269714e+02
-7.24748474e+02
-7.23220276e+02
-7.21685364e+02
-7.20143616e+02
-7.18595093e+02
-7.17039917e+02
-7.15477905e+02
-7.13909058e+02
-7.12333557e+02
-7.10751343e+02
-7.09162415e+02
-7.07566772e+02
-7.05964539e+02
-7.04355774e+02
-7.02740234e+02
-7.01118042e+02
-6.99489319e+02
-6.97853882e+02
-6.96211975e+02
-6.94563477e+02
-6.92908508e+02
-6.91246948e+02
-6.89578857e+02
-6.87904297e+02
-6.86223267e+02
-6.84535767e+02
-6.82841736e+02
-6.81141357e+02
-6.79434570e+02
-6.77721313e+02
-6.76001709e+02
-6.74275757e+02
-6.72543396e+02
-6.70804810e+02
-6.69059814e+02
-6.67308533e+02
-6.65550964e+02
-6.63787170e+02
-6.62017029e+02
-6.60240723e+02
-6.58458130e+02
-6.56669373e+02
-6.54874451e+02
-6.53073303e+02
-6.51265991e+02
-6.49452637e+02
-6.47633057e+02
-6.45807495e+02
-6.43975830e+02
-6.42138062e+02
-6.40294250e+02
-6.38444336e+02
-6.36588501e+02
-6.34726562e+02
-6.32858765e+02
-6.30984924e+02
-6.29105103e+02
-6.27219543e+02
-6.25327942e+02
-6.23430481e+02
-6.21527100e+02
-6.19617859e+02
-6.17702881e+02
-6.15781982e+02
-6.13855286e+02
-6.11922852e+02
-6.09984558e+02
-6.08040649e+02
-6.06090942e+02
-6.04135498e+02
-6.02174438e+02
-6.00207642e+02
-5.98235229e+02
-5.96257141e+02
-5.94273438e+02
-5.92284180e+02
-5.90289307e+02
-5.88288879e+02
-5.86282959e+02
-5.84271484e+02
-5.82254517e+02
-5.80231995e+02
-5.78204041e+02
-5.76170654e+02
-5.74131775e+02
-5.72087524e+02
-5.70037964e+02
-5.67982971e+02
-5.65922668e+02
-5.63856934e+02
-5.61785950e+02
-5.59709656e+02
-5.57628052e+02
-5.55541260e+02
-5.53449219e+02
-5.51351990e+02
-5.49249512e+02
-5.47141907e+02
-5.45029175e+02
-5.42911255e+02
-5.40788208e+02
-5.38660095e+02
-5.36526855e+02
-5.34388611e+02
-5.32245300e+02
-5.30097046e+02
-5.27943726e+02
-5.25785461e+02
-5.23622192e+02
-5.21454041e+02
-5.19280945e+02
-5.17102966e+02
-5.14920166e+02
-5.12732544e+02
-5.10540009e+02
-5.08342621e+02
-5.06140503e+02
-5.03933624e+02
-5.01722015e+02
-4.99505646e+02
-4.97284576e+02
-4.95058868e+02
-4.92828461e+02
-4.90593353e+02
-4.88353668e+02
-4.86109344e+02
-4.83860504e+02
-4.81607056e+02
-4.79349152e+02
-4.77086670e+02
-4.74819672e+02
-4.72548218e+02
-4.70272339e+02
-4.67992035e+02
-4.65707275e+02
-4.63418152e+02
-4.61124664e+02
-4.58826843e+02
-4.56524658e+02
-4.54218140e+02
-4.51907471e+02
-4.49592468e+02
-4.47273193e+02
-4.44949738e+02
-4.42622131e+02
-4.40290344e+02
-4.37954376e+02
-4.35614288e+02
-4.33270081e+02
-4.30921783e+02
-4.28569489e+02
-4.26213135e+02
-4.23852722e+02
-4.21488373e+02
-4.19119995e+02
-4.16747711e+02
-4.14371521e+02
-4.11991364e+02
-4.09607361e+02
-4.07219482e+02
-4.04827759e+02
-4.02432251e+02
-4.00032959e+02
-3.97629883e+02
-3.95223053e+02
-3.92812469e+02
-3.90398254e+02
-3.87980347e+02
-3.85558746e+02
-3.83133514e+02
-3.80704712e+02
-3.78272247e+02
-3.75836273e+02
-3.73396790e+02
-3.70953766e+02
-3.68507202e+02
-3.66057220e+02
-3.63603790e+02
-3.61146912e+02
-3.58686615e+02
-3.56222961e+02
-3.53755951e+02
-3.51285614e+02
-3.48811951e+02
-3.46334991e+02
-3.43854767e+02
-3.41371338e+02
-3.38884674e+02
-3.36394775e+02
-3.33901733e+02
-3.31405609e+02
-3.28906311e+02
-3.26403931e+02
-3.23898468e+02
-3.21389954e+02
-3.18878387e+02
-3.16363861e+02
-3.13846313e+02
-3.11325806e+02
-3.08802399e+02
-3.06276031e+02
-3.03746796e+02
-3.01214752e+02
-2.98679840e+02
-2.96142090e+02
-2.93601593e+02
-2.91058289e+02
-2.88512268e+02
-2.85963501e+02
-2.83412079e+02
-2.80857971e+02
-2.78301208e+02
-2.75741852e+02
-2.73179840e+02
-2.70615295e+02
-2.68048187e+02
-2.65478577e+02
-2.62906433e+02
-2.60331818e+02
-2.57754761e+02
-2.55175278e+02
-2.52593384e+02
-2.50009094e+02
-2.47422485e+02
-2.44833542e+02
-2.42242264e+02
-2.39648712e+02
-2.37052887e+02
-2.34454849e+02
-2.31854614e+02
-2.29252213e+02
-2.26647629e+02
-2.24040878e+02
-2.21432053e+02
-2.18821121e+02
-2.16208130e+02
-2.13593109e+02
-2.10976089e+02
-2.08357040e+02
-2.05736069e+02
-2.03113144e+02
-2.00488297e+02
-1.97861588e+02
-1.95233002e+02
-1.92602554e+02
-1.89970322e+02
-1.87336273e+02
-1.84700470e+02
-1.82062943e+02
-1.79423691e+02
-1.76782745e+02
-1.74140137e+02
-1.71495895e+02
-1.68850021e+02
-1.66202560e+02
-1.63553543e+02
-1.60902969e+02
-1.58250885e+02
-1.55597305e+02
-1.52942276e+02
-1.50285797e+02
-1.47627899e+02
-1.44968613e+02
-1.42307953e+02
-1.39645966e+02
-1.36982666e+02
-1.34318069e+02
-1.31652206e+02
-1.28985092e+02
-1.26316780e+02
-1.23647270e+02
-1.20976593e+02
-1.18304779e+02
-1.15631844e+02
-1.12957825e+02
-1.10282738e+02
-1.07606613e+02
-1.04929482e+02
-1.02251358e+02
-9.95722885e+01
-9.68922577e+01
-9.42113113e+01
-9.15294876e+01
-8.88468094e+01
-8.61632843e+01
-8.34789429e+01
-8.07938156e+01
-7.81079254e+01
-7.54213028e+01
-7.27339630e+01
-7.00459518e+01
-6.73572769e+01
-6.46679688e+01
-6.19780464e+01
-5.92875443e+01
-5.65964775e+01
-5.39048805e+01
-5.12127762e+01
-4.85201912e+01
-4.58271484e+01
-4.31336708e+01
-4.04397888e+01
-3.77455254e+01
-3.50509033e+01
-3.23559570e+01
-2.96606998e+01
-2.69651661e+01
-2.42693806e+01
-2.15733681e+01
-1.88771839e+01
-1.61810722e+01
-1.34863768e+01
-1.07993221e+01
-8.14210129e+00
-5.57162189e+00
-3.18004417e+00
-1.02026772e+00
1.02026772e+00
3.18004417e+00
