-1.73042640e-02
-3.96071048e-03
3.96071048e-03
1.73042640e-02
3.34666558e-02
5.01349717e-02
6.68441206e-02
8.35539699e-02
1.00263029e-01
1.16971150e-01
1.33678168e-01
1.50383934e-01
1.67088270e-01
1.83791041e-01
2.00492054e-01
2.17191204e-01
2.33888298e-01
2.50583202e-01
2.67275721e-01
2.83965766e-01
3.00653100e-01
3.17337573e-01
3.34019125e-01
3.50697488e-01
3.67372543e-01
3.84044170e-01
4.00712132e-01
4.17376369e-01
4.34036613e-01
4.50692832e-01
4.67344791e-01
4.83992308e-01
5.00635266e-01
5.17273545e-01
5.33906937e-01
5.50535321e-01
5.67158461e-01
5.83776295e-01
6.00388646e-01
6.16995335e-01
6.33596182e-01
6.50191069e-01
6.66779816e-01
6.83362305e-01
6.99938297e-01
7.16507792e-01
7.33070493e-01
7.49626279e-01
7.66175032e-01
7.82716572e-01
7.99250662e-01
8.15777242e-01
8.32296193e-01
8.48807275e-01
8.65310311e-01
8.81805301e-01
8.98291886e-01
9.14770007e-01
9.31239605e-01
9.47700381e-01
9.64152217e-01
9.80594933e-01
9.97028530e-01
1.01345265e+00
1.02986717e+00
1.04627204e+00
1.06266701e+00
1.07905197e+00
1.09542692e+00
1.11179137e+00
1.12814534e+00
1.14448881e+00
1.16082144e+00
1.17714322e+00
1.19345379e+00
1.20975304e+00
1.22604096e+00
1.24231744e+00
1.25858212e+00
1.27483499e+00
1.29107583e+00
1.30730450e+00
1.32352090e+00
1.33972478e+00
1.35591602e+00
1.37209463e+00
1.38826013e+00
1.40441251e+00
1.42055178e+00
1.43667758e+00
1.45278990e+00
1.46888852e+00
1.48497331e+00
1.50104415e+00
1.51710081e+00
1.53314328e+00
1.54917121e+00
1.56518459e+00
1.58118308e+00
1.59716690e+00
1.61313534e+00
1.62908888e+00
1.64502692e+00
1.66094947e+00
1.67685628e+00
1.69274759e+00
1.70862281e+00
1.72448194e+00
1.74032474e+00
1.75615120e+00
1.77196121e+00
1.78775454e+00
1.80353093e+00
1.81929016e+00
1.83503234e+00
1.85075724e+00
1.86646485e+00
1.88215470e+00
1.89782703e+00
1.91348124e+00
1.92911756e+00
1.94473577e+00
1.96033561e+00
1.97591686e+00
1.99147964e+00
2.00702357e+00
2.02254844e+00
2.03805423e+00
2.05354118e+00
2.06900859e+00
2.08445668e+00
2.09988499e+00
2.11529350e+00
2.13068199e+00
2.14605045e+00
2.16139889e+00
2.17672682e+00
2.19203424e+00
2.20732093e+00
2.22258687e+00
2.23783183e+00
2.25305581e+00
2.26825857e+00
2.28343987e+00
2.29859972e+00
2.31373787e+00
2.32885432e+00
2.34394884e+00
2.35902095e+00
2.37407112e+00
2.38909888e+00
2.40410423e+00
2.41908717e+00
2.43404675e+00
2.44898343e+00
2.46389723e+00
2.47878790e+00
2.49365497e+00
2.50849891e+00
2.52331901e+00
2.53811550e+00
2.55288768e+00
2.56763601e+00
2.58236027e+00
2.59705997e+00
2.61173534e+00
2.62638617e+00
2.64101219e+00
2.65561342e+00
2.67018938e+00
2.68474054e+00
2.69926620e+00
2.71376634e+00
2.72824097e+00
2.74269032e+00
2.75711322e+00
2.77151036e+00
2.78588128e+00
2.80022621e+00
2.81454468e+00
2.82883644e+00
2.84310174e+00
2.85733986e+00
2.87155175e+00
2.88573623e+00
2.89989352e+00
2.91402340e+00
2.92812610e+00
2.94220066e+00
2.95624804e+00
2.97026753e+00
2.98425865e+00
2.99822211e+00
3.01215720e+00
3.02606392e+00
3.03994226e+00
3.05379128e+00
3.06761193e+00
3.08140397e+00
3.09516644e+00
3.10890007e+00
3.12260437e+00
3.13627934e+00
3.14992476e+00
3.16354036e+00
3.17712617e+00
3.19068193e+00
3.20420790e+00
3.21770358e+00
3.23116899e+00
3.24460387e+00
3.25800848e+00
3.27138209e+00
3.28472471e+00
3.29803681e+00
3.31131792e+00
3.32456732e+00
3.33778524e+00
3.35097218e+00
3.36412740e+00
3.37725115e+00
3.39034295e+00
3.40340281e+00
3.41643047e+00
3.42942595e+00
3.44238949e+00
3.45532012e+00
3.46821833e+00
3.48108387e+00
3.49391675e+00
3.50671673e+00
3.51948357e+00
3.53221726e+00
3.54491782e+00
3.55758452e+00
3.57021809e+00
3.58281779e+00
3.59538388e+00
3.60791612e+00
3.62041426e+00
3.63287830e+00
3.64530826e+00
3.65770388e+00
3.67006493e+00
3.68239141e+00
3.69468331e+00
3.70694017e+00
3.71916223e+00
3.73134947e+00
3.74350119e+00
3.75561786e+00
3.76769900e+00
3.77974486e+00
3.79175520e+00
3.80372930e+00
3.81566811e+00
3.82757044e+00
3.83943725e+00
3.85126734e+00
3.86306167e+00
3.87481928e+00
3.88654017e+00
3.89822507e+00
3.90987301e+00
3.92148376e+00
3.93305802e+00
3.94459486e+00
3.95609474e+00
3.96755719e+00
3.97898245e+00
3.99037004e+00
4.00172043e+00
4.01303244e+00
4.02430725e+00
4.03554392e+00
4.04674244e+00
4.05790281e+00
4.06902504e+00
4.08010912e+00
4.09115458e+00
4.10216141e+00
4.11313009e+00
4.12405968e+00
4.13495064e+00
4.14580202e+00
4.15661478e+00
4.16738844e+00
4.17812252e+00
4.18881750e+00
4.19947290e+00
4.21008873e+00
4.22066498e+00
4.23120117e+00
4.24169779e+00
4.25215483e+00
4.26257133e+00
4.27294731e+00
4.28328371e+00
4.29357958e+00
4.30383492e+00
4.31404924e+00
4.32422352e+00
4.33435678e+00
4.34444952e+00
4.35450125e+00
4.36451197e+00
4.37448120e+00
4.38440943e+00
4.39429665e+00
4.40414190e+00
4.41394615e+00
4.42370844e+00
4.43342924e+00
4.44310856e+00
4.45274544e+00
4.46234083e+00
4.47189379e+00
4.48140478e+00
4.49087381e+00
4.50030041e+00
4.50968409e+00
4.51902628e+00
4.52832508e+00
4.53758144e+00
4.54679489e+00
4.55596590e+00
4.56509399e+00
4.57417822e+00
4.58322001e+00
4.59221840e+00
4.60117388e+00
4.61008596e+00
4.61895466e+00
4.62777948e+00
4.63656092e+00
4.64529848e+00
4.65399265e+00
4.66264248e+00
4.67124891e+00
4.67981100e+00
4.68832922e+00
4.69680309e+00
4.70523262e+00
4.71361828e+00
4.72195911e+00
4.73025560e+00
4.73850727e+00
4.74671459e+00
4.75487757e+00
4.76299524e+00
4.77106762e+00
4.77909565e+00
4.78707838e+00
4.79501581e+00
4.80290842e+00
4.81075573e+00
4.81855774e+00
4.82631445e+00
4.83402538e+00
4.84169102e+00
4.84931135e+00
4.85688543e+00
4.86441422e+00
4.87189627e+00
4.87933350e+00
4.88672447e+00
4.89406872e+00
4.90136766e+00
4.90861988e+00
4.91582632e+00
4.92298603e+00
4.93009996e+00
4.93716717e+00
4.94418716e+00
4.95116091e+00
4.95808840e+00
4.96496916e+00
4.97180271e+00
4.97858953e+00
4.98533010e+00
4.99202347e+00
4.99866962e+00
5.00526905e+00
5.01182032e+00
5.01832485e+00
5.02478218e+00
5.03119183e+00
5.03755474e+00
5.04386997e+00
5.05013752e+00
5.05635786e+00
5.06253004e+00
5.06865501e+00
5.07473183e+00
5.08076048e+00
5.08674192e+00
5.09267521e+00
5.09856129e+00
5.10439825e+00
5.11018753e+00
5.11592865e+00
5.12162161e+00
5.12726593e+00
5.13286209e+00
5.13841009e+00
5.14390945e+00
5.14936113e+00
5.15476322e+00
5.16011715e+00
5.16542292e+00
5.17067909e+00
5.17588758e+00
5.18104696e+00
5.18615723e+00
5.19121885e+00
5.19623184e+00
5.20119524e+00
5.20610952e+00
5.21097517e+00
5.21579170e+00
5.22055912e+00
5.22527790e+00
5.22994614e+00
5.23456573e+00
5.23913670e+00
5.24365759e+00
5.24812937e+00
5.25255156e+00
5.25692463e+00
5.26124763e+00
5.26552153e+00
5.26974535e+00
5.27391958e+00
5.27804422e+00
5.28211927e+00
5.28614378e+00
5.29011965e+00
5.29404497e+00
5.29792070e+00
5.30174637e+00
5.30552197e+00
5.30924797e+00
5.31292391e+00
5.31654978e+00
5.32012510e+00
5.32365036e+00
5.32712555e+00
5.33055067e+00
5.33392572e+00
5.33725071e+00
5.34052515e+00
5.34374905e+00
5.34692335e+00
5.35004616e+00
5.35311937e+00
5.35614157e+00
5.35911369e+00
5.36203480e+00
5.36490631e+00
5.36772728e+00
5.37049675e+00
5.37321568e+00
5.37588501e+00
5.37850285e+00
5.38106966e+00
5.38358688e+00
5.38605261e+00
5.38846779e+00
5.39083242e+00
5.39314604e+00
5.39540911e+00
5.39762115e+00
5.39978170e+00
5.40189219e+00
5.40395164e+00
5.40596008e+00
5.40791798e+00
5.40982437e+00
5.41168022e+00
5.41348457e+00
5.41523838e+00
5.41694069e+00
5.41859245e+00
5.42019272e+00
5.42174244e+00
5.42324066e+00
5.42468786e+00
5.42608404e+00
5.42742920e+00
5.42872334e+00
5.42996597e+00
5.43115759e+00
5.43229771e+00
5.43338680e+00
5.43442488e+00
5.43541193e+00
5.43634748e+00
5.43723202e+00
5.43806505e+00
5.43884706e+00
5.43957806e+00
5.44025755e+00
5.44088554e+00
5.44146252e+00
5.44198847e+00
5.44246244e+00
5.44288588e+00
5.44325733e+00
5.44357824e+00
5.44384766e+00
5.44406557e+00
5.44423199e+00
5.44434786e+00
5.44441175e+00
5.44442463e+00
5.44438648e+00
5.44429636e+00
5.44415522e+00
5.44396305e+00
5.44371891e+00
5.44342422e+00
5.44307804e+00
5.44268036e+00
5.44223166e+00
5.44173145e+00
5.44118023e+00
5.44057798e+00
5.43992424e+00
5.43921852e+00
5.43846273e+00
5.43765497e+00
5.43679667e+00
5.43588638e+00
5.43492508e+00
5.43391275e+00
5.43284893e+00
5.43173409e+00
5.43056774e+00
5.42935085e+00
5.42808247e+00
5.42676258e+00
5.42539215e+00
5.42397070e+00
5.42249823e+00
5.42097378e+00
5.41939926e+00
5.41777277e+00
5.41609621e+00
5.41436768e+00
5.41258812e+00
5.41075850e+00
5.40887737e+00
5.40694523e+00
5.40496206e+00
5.40292835e+00
5.40084314e+00
5.39870787e+00
5.39652157e+00
5.39428377e+00
5.39199543e+00
5.38965654e+00
5.38726664e+00
5.38482571e+00
5.38233471e+00
5.37979269e+00
5.37720013e+00
5.37455654e+00
5.37186241e+00
5.36911821e+00
5.36632299e+00
5.36347675e+00
5.36058092e+00
5.35763359e+00
5.35463619e+00
5.35158873e+00
5.34849072e+00
5.34534216e+00
5.34214354e+00
5.33889389e+00
5.33559465e+00
5.33224487e+00
5.32884502e+00
5.32539463e+00
5.32189417e+00
5.31834316e+00
5.31474257e+00
5.31109238e+00
5.30739117e+00
5.30364037e+00
5.29983950e+00
5.29598904e+00
5.29208851e+00
5.28813791e+00
5.28413820e+00
5.28008842e+00
5.27598810e+00
5.27183867e+00
5.26763916e+00
5.26339054e+00
5.25909185e+00
5.25474405e+00
5.25034618e+00
5.24589968e+00
5.24140310e+00
5.23685789e+00
5.23226309e+00
5.22761822e+00
5.22292471e+00
5.21818161e+00
5.21338987e+00
5.20854855e+00
5.20365858e+00
5.19871950e+00
5.19373131e+00
5.18869400e+00
5.18360853e+00
5.17847347e+00
5.17328978e+00
5.16805696e+00
5.16277647e+00
5.15744638e+00
5.15206814e+00
5.14664125e+00
5.14116621e+00
5.13564205e+00
5.13007021e+00
5.12444973e+00
5.11878061e+00
5.11306381e+00
5.10729837e+00
5.10148573e+00
5.09562445e+00
5.08971453e+00
5.08375740e+00
5.07775164e+00
5.07169914e+00
5.06559801e+00
5.05945015e+00
5.05325365e+00
5.04700947e+00
5.04071808e+00
5.03437948e+00
5.02799320e+00
5.02155972e+00
5.01507854e+00
5.00855017e+00
5.00197506e+00
4.99535227e+00
4.98868275e+00
4.98196602e+00
4.97520256e+00
4.96839237e+00
4.96153498e+00
4.95463085e+00
4.94768000e+00
4.94068289e+00
4.93363905e+00
4.92654896e+00
4.91941166e+00
4.91222906e+00
4.90499973e+00
4.89772415e+00
4.89040232e+00
4.88303518e+00
4.87562084e+00
4.86816168e+00
4.86065578e+00
4.85310411e+00
4.84550667e+00
4.83786392e+00
4.83017588e+00
4.82244205e+00
4.81466246e+00
4.80683804e+00
4.79896784e+00
4.79105330e+00
4.78309250e+00
4.77508736e+00
4.76703691e+00
4.75894165e+00
4.75080204e+00
4.74261665e+00
4.73438740e+00
4.72611284e+00
4.71779442e+00
4.70943117e+00
4.70102406e+00
4.69257164e+00
4.68407583e+00
4.67553616e+00
4.66695166e+00
4.65832329e+00
4.64965153e+00
4.64093494e+00
4.63217592e+00
4.62337255e+00
4.61452579e+00
4.60563612e+00
4.59670162e+00
4.58772469e+00
4.57870483e+00
4.56964159e+00
4.56053543e+00
4.55138588e+00
4.54219389e+00
4.53295898e+00
4.52368116e+00
4.51436043e+00
4.50499773e+00
4.49559212e+00
4.48614502e+00
4.47665501e+00
4.46712255e+00
4.45754862e+00
4.44793224e+00
4.43827438e+00
4.42857456e+00
4.41883278e+00
4.40904951e+00
4.39922476e+00
4.38935852e+00
4.37945080e+00
4.36950207e+00
4.35951185e+00
4.34948063e+00
4.33940840e+00
4.32929564e+00
4.31914186e+00
4.30894709e+00
4.29871225e+00
4.28843641e+00
4.27812052e+00
4.26776457e+00
4.25736761e+00
4.24693155e+00
4.23645496e+00
4.22593832e+00
4.21538162e+00
4.20478582e+00
4.19414997e+00
4.18347502e+00
4.17276049e+00
4.16200638e+00
4.15121317e+00
4.14038086e+00
4.12950993e+00
4.11859989e+00
4.10765123e+00
4.09666348e+00
4.08563709e+00
4.07457209e+00
4.06346893e+00
4.05232763e+00
4.04114819e+00
4.02993011e+00
4.01867485e+00
4.00738144e+00
3.99604988e+00
3.98468089e+00
3.97327447e+00
3.96183062e+00
3.95034933e+00
3.93883109e+00
3.92727566e+00
3.91568327e+00
3.90405369e+00
3.89238715e+00
3.88068461e+00
3.86894512e+00
3.85716915e+00
3.84535670e+00
3.83350873e+00
3.82162380e+00
3.80970335e+00
3.79774666e+00
3.78575444e+00
3.77372670e+00
3.76166344e+00
3.74956417e+00
3.73742986e+00
3.72526026e+00
3.71305585e+00
3.70081639e+00
3.68854189e+00
3.67623281e+00
3.66388893e+00
3.65151048e+00
3.63909793e+00
3.62665105e+00
3.61417007e+00
3.60165477e+00
3.58910537e+00
3.57652259e+00
3.56390572e+00
3.55125546e+00
3.53857183e+00
3.52585483e+00
3.51310420e+00
3.50032091e+00
3.48750448e+00
3.47465563e+00
3.46177363e+00
3.44885898e+00
3.43591189e+00
3.42293239e+00
3.40992045e+00
3.39687681e+00
3.38380122e+00
3.37069321e+00
3.35755396e+00
3.34438276e+00
3.33118033e+00
3.31794643e+00
3.30468130e+00
3.29138470e+00
3.27805734e+00
3.26469922e+00
3.25130987e+00
3.23789024e+00
3.22444034e+00
3.21095991e+00
3.19744897e+00
3.18390799e+00
3.17033696e+00
3.15673637e+00
3.14310551e+00
3.12944555e+00
3.11575603e+00
3.10203719e+00
3.08828878e+00
3.07451177e+00
3.06070542e+00
3.04687023e+00
3.03300667e+00
3.01911402e+00
3.00519323e+00
2.99124432e+00
2.97726679e+00
2.96326160e+00
2.94922829e+00
2.93516707e+00
2.92107821e+00
2.90696192e+00
2.89281845e+00
2.87864757e+00
2.86444950e+00
2.85022449e+00
2.83597231e+00
2.82169390e+00
2.80738878e+00
2.79305720e+00
2.77869940e+00
2.76431513e+00
2.74990511e+00
2.73546910e+00
2.72100735e+00
2.70651960e+00
2.69200659e+00
2.67746830e+00
2.66290474e+00
2.64831614e+00
2.63370252e+00
2.61906385e+00
2.60440111e+00
2.58971334e+00
2.57500124e+00
2.56026506e+00
2.54550481e+00
2.53072023e+00
2.51591206e+00
2.50108027e+00
2.48622465e+00
2.47134566e+00
2.45644355e+00
2.44151807e+00
2.42656970e+00
2.41159844e+00
2.39660478e+00
2.38158822e+00
2.36654925e+00
2.35148787e+00
2.33640456e+00
2.32129908e+00
2.30617166e+00
2.29102254e+00
2.27585196e+00
2.26065993e+00
2.24544668e+00
2.23021221e+00
2.21495652e+00
2.19968033e+00
2.18438339e+00
2.16906548e+00
2.15372729e+00
2.13836908e+00
2.12299037e+00
2.10759187e+00
2.09217334e+00
2.07673526e+00
2.06127763e+00
2.04580045e+00
2.03030396e+00
2.01478863e+00
1.99925399e+00
1.98370075e+00
1.96812868e+00
1.95253813e+00
1.93692923e+00
1.92130172e+00
1.90565670e+00
1.88999331e+00
1.87431216e+00
1.85861349e+00
1.84289718e+00
1.82716370e+00
1.81141269e+00
1.79564476e+00
1.77986014e+00
1.76405847e+00
1.74824023e+00
1.73240566e+00
1.71655440e+00
1.70068729e+00
1.68480420e+00
1.66890502e+00
1.65299046e+00
1.63706005e+00
1.62111413e+00
1.60515320e+00
1.58917701e+00
1.57318592e+00
1.55717981e+00
1.54115939e+00
1.52512407e+00
1.50907445e+00
1.49301064e+00
1.47693288e+00
1.46084130e+00
1.44473565e+00
1.42861652e+00
1.41248393e+00
1.39633811e+00
1.38017905e+00
1.36400700e+00
1.34782207e+00
1.33162451e+00
1.31541431e+00
1.29919183e+00
1.28295708e+00
1.26671028e+00
1.25045156e+00
1.23418093e+00
1.21789873e+00
1.20160508e+00
1.18530011e+00
1.16898382e+00
1.15265667e+00
1.13631856e+00
1.11996984e+00
1.10361063e+00
1.08724093e+00
1.07086098e+00
1.05447102e+00
1.03807092e+00
1.02166128e+00
1.00524187e+00
9.88813043e-01
9.72374916e-01
9.55927610e-01
9.39471245e-01
9.23006058e-01
9.06532168e-01
8.90049815e-01
8.73558998e-01
8.57060015e-01
8.40552926e-01
8.24037910e-01
8.07515085e-01
7.90984690e-01
7.74446845e-01
7.57901669e-01
7.41349459e-01
7.24790215e-01
7.08224118e-01
6.91651344e-01
6.75072014e-01
6.58486366e-01
6.41894519e-01
6.25296652e-01
6.08692884e-01
5.92083335e-01
5.75468242e-01
5.58847725e-01
5.42221904e-01
5.25591016e-01
5.08955181e-01
4.92314547e-01
4.75669265e-01
4.59019512e-01
4.42365438e-01
4.25707161e-01
4.09044862e-01
3.92378777e-01
3.75708938e-01
3.59035581e-01
3.42358857e-01
3.25678915e-01
3.08995873e-01
2.92309910e-01
2.75621235e-01
2.58929908e-01
2.42236197e-01
2.25540176e-01
2.08842039e-01
1.92141920e-01
1.75440013e-01
1.58736438e-01
1.42031372e-01
1.25324965e-01
1.08617380e-01
9.19087753e-02
7.51992986e-02
5.84891140e-02
4.17783782e-02
2.50672475e-02
8.35588388e-03
-8.35555978e-03
-2.50669252e-02
-4.17780541e-02
-5.84887899e-02
-7.51989633e-02
-9.19084400e-02
-1.08617052e-01
-1.25324637e-01
-1.42031044e-01
-1.58736125e-01
-1.75439686e-01
-1.92141607e-01
-2.08841711e-01
-2.25539848e-01
-2.42235884e-01
-2.58929610e-01
-2.75620908e-01
-2.92309612e-01
-3.08995545e-01
-3.25678587e-01
-3.42358530e-01
-3.59035313e-01
-3.75708640e-01
-3.92378449e-01
-4.09044564e-01
-4.25706834e-01
-4.42365080e-01
-4.59019184e-01
-4.75668937e-01
-4.92314249e-01
-5.08954883e-01
-5.25590718e-01
-5.42221606e-01
-5.58847368e-01
-5.75467885e-01
-5.92083037e-01
-6.08692527e-01
-6.25296295e-01
-6.41894162e-01
-6.58486009e-01
-6.75071716e-01
-6.91651046e-01
-7.08223760e-01
-7.24789917e-01
-7.41349101e-01
-7.57901430e-01
-7.74446547e-01
-7.90984333e-01
-8.07514727e-01
-8.24037552e-01
-8.40552568e-01
-8.57059658e-01
-8.73558640e-01
-8.90049517e-01
-9.06531930e-01
-9.23005819e-01
-9.39470947e-01
-9.55927253e-01
-9.72374618e-01
-9.88812745e-01
-1.00524151e+00
-1.02166092e+00
-1.03807068e+00
-1.05447066e+00
-1.07086062e+00
-1.08724058e+00
-1.10361028e+00
-1.11996961e+00
-1.13631833e+00
-1.15265632e+00
-1.16898346e+00
-1.18529975e+00
-1.20160460e+00
-1.21789837e+00
-1.23418069e+00
-1.25045121e+00
-1.26670992e+00
-1.28295684e+00
-1.29919159e+00
-1.31541395e+00
-1.33162427e+00
-1.34782183e+00
-1.36400676e+00
-1.38017881e+00
-1.39633787e+00
-1.41248357e+00
-1.42861629e+00
-1.44473541e+00
-1.46084082e+00
-1.47693253e+00
-1.49301040e+00
-1.50907421e+00
-1.52512372e+00
-1.54115903e+00
-1.55717945e+00
-1.57318556e+00
-1.58917665e+00
-1.60515285e+00
-1.62111390e+00
-1.63705969e+00
-1.65299010e+00
-1.66890490e+00
-1.68480384e+00
-1.70068717e+00
-1.71655428e+00
-1.73240542e+00
-1.74823999e+00
-1.76405823e+00
-1.77985978e+00
-1.79564464e+00
-1.81141233e+00
-1.82716334e+00
-1.84289706e+00
-1.85861313e+00
-1.87431180e+00
-1.88999295e+00
-1.90565622e+00
-1.92130148e+00
-1.93692875e+00
-1.95253766e+00
-1.96812820e+00
-1.98370039e+00
-1.99925375e+00
-2.01478815e+00
-2.03030372e+00
-2.04580021e+00
-2.06127715e+00
-2.07673502e+00
-2.09217310e+00
-2.10759139e+00
-2.12299013e+00
-2.13836861e+00
-2.15372705e+00
-2.16906500e+00
-2.18438292e+00
-2.19967985e+00
-2.21495628e+00
-2.23021173e+00
-2.24544621e+00
-2.26065969e+00
-2.27585173e+00
-2.29102230e+00
-2.30617142e+00
-2.32129884e+00
-2.33640409e+00
-2.35148764e+00
-2.36654878e+00
-2.38158798e+00
-2.39660430e+00
-2.41159821e+00
-2.42656946e+00
-2.44151783e+00
-2.45644307e+00
-2.47134542e+00
-2.48622441e+00
-2.50107980e+00
-2.51591182e+00
-2.53072000e+00
-2.54550433e+00
-2.56026459e+00
-2.57500124e+00
-2.58971310e+00
-2.60440087e+00
-2.61906385e+00
-2.63370228e+00
-2.64831591e+00
-2.66290450e+00
-2.67746830e+00
-2.69200635e+00
-2.70651937e+00
-2.72100687e+00
-2.73546863e+00
-2.74990463e+00
-2.76431489e+00
-2.77869892e+00
-2.79305696e+00
-2.80738854e+00
-2.82169390e+00
-2.83597231e+00
-2.85022426e+00
-2.86444902e+00
-2.87864733e+00
-2.89281797e+00
-2.90696168e+00
-2.92107821e+00
-2.93516660e+00
-2.94922781e+00
-2.96326113e+00
-2.97726655e+00
-2.99124384e+00
-3.00519323e+00
-3.01911402e+00
-3.03300595e+00
-3.04686999e+00
-3.06070495e+00
-3.07451129e+00
-3.08828878e+00
-3.10203671e+00
-3.11575603e+00
-3.12944555e+00
-3.14310551e+00
-3.15673614e+00
-3.17033696e+00
-3.18390799e+00
-3.19744873e+00
-3.21095920e+00
-3.22443962e+00
-3.23788977e+00
-3.25130963e+00
-3.26469851e+00
-3.27805686e+00
-3.29138446e+00
-3.30468106e+00
-3.31794620e+00
-3.33118033e+00
-3.34438252e+00
-3.35755348e+00
-3.37069321e+00
-3.38380098e+00
-3.39687657e+00
-3.40992045e+00
-3.42293215e+00
-3.43591166e+00
-3.44885850e+00
-3.46177340e+00
-3.47465515e+00
-3.48750424e+00
-3.50032067e+00
-3.51310420e+00
-3.52585483e+00
-3.53857160e+00
-3.55125546e+00
-3.56390548e+00
-3.57652211e+00
-3.58910513e+00
-3.60165405e+00
-3.61416936e+00
-3.62665033e+00
-3.63909745e+00
-3.65151048e+00
-3.66388893e+00
-3.67623258e+00
-3.68854189e+00
-3.70081615e+00
-3.71305585e+00
-3.72526026e+00
-3.73742962e+00
-3.74956393e+00
-3.76166320e+00
-3.77372670e+00
-3.78575420e+00
-3.79774618e+00
-3.80970311e+00
-3.82162356e+00
-3.83350825e+00
-3.84535670e+00
-3.85716915e+00
-3.86894464e+00
-3.88068414e+00
-3.89238715e+00
-3.90405345e+00
-3.91568279e+00
-3.92727518e+00
-3.93883085e+00
-3.95034933e+00
-3.96183038e+00
-3.97327447e+00
-3.98468089e+00
-3.99604988e+00
-4.00738096e+00
-4.01867437e+00
-4.02993011e+00
-4.04114771e+00
-4.05232763e+00
-4.06346893e+00
-4.07457161e+00
-4.08563662e+00
-4.09666300e+00
-4.10765076e+00
-4.11859989e+00
-4.12950993e+00
-4.14038086e+00
-4.15121317e+00
-4.16200638e+00
-4.17276001e+00
-4.18347502e+00
-4.19414997e+00
-4.20478582e+00
-4.21538162e+00
-4.22593832e+00
-4.23645496e+00
-4.24693155e+00
-4.25736761e+00
-4.26776457e+00
-4.27812052e+00
-4.28843641e+00
-4.29871225e+00
-4.30894709e+00
-4.31914186e+00
-4.32929564e+00
-4.33940840e+00
-4.34948063e+00
-4.35951185e+00
-4.36950159e+00
-4.37945032e+00
-4.38935804e+00
-4.39922428e+00
-4.40904903e+00
-4.41883278e+00
-4.42857409e+00
-4.43827391e+00
-4.44793224e+00
-4.45754862e+00
-4.46712255e+00
-4.47665453e+00
-4.48614454e+00
-4.49559212e+00
-4.50499773e+00
-4.51436043e+00
-4.52368069e+00
-4.53295851e+00
-4.54219389e+00
-4.55138588e+00
-4.56053495e+00
-4.56964159e+00
-4.57870483e+00
-4.58772469e+00
-4.59670162e+00
-4.60563564e+00
-4.61452579e+00
-4.62337255e+00
-4.63217592e+00
-4.64093494e+00
-4.64965105e+00
-4.65832329e+00
-4.66695166e+00
-4.67553568e+00
-4.68407583e+00
-4.69257164e+00
-4.70102406e+00
-4.70943117e+00
-4.71779442e+00
-4.72611284e+00
-4.73438644e+00
-4.74261618e+00
-4.75080109e+00
-4.75894117e+00
-4.76703644e+00
-4.77508736e+00
-4.78309250e+00
-4.79105282e+00
-4.79896736e+00
-4.80683804e+00
-4.81466246e+00
-4.82244158e+00
-4.83017588e+00
-4.83786392e+00
-4.84550667e+00
-4.85310364e+00
-4.86065483e+00
-4.86816072e+00
-4.87562037e+00
-4.88303518e+00
-4.89040232e+00
-4.89772415e+00
-4.90499973e+00
-4.91222858e+00
-4.91941166e+00
-4.92654896e+00
-4.93363905e+00
-4.94068289e+00
-4.94768000e+00
-4.95463085e+00
-4.96153498e+00
-4.96839237e+00
-4.97520256e+00
-4.98196602e+00
-4.98868227e+00
-4.99535179e+00
-5.00197458e+00
-5.00855017e+00
-5.01507854e+00
-5.02155972e+00
-5.02799320e+00
-5.03437901e+00
-5.04071808e+00
-5.04700947e+00
-5.05325365e+00
-5.05944967e+00
-5.06559801e+00
-5.07169867e+00
-5.07775164e+00
-5.08375740e+00
-5.08971453e+00
-5.09562445e+00
-5.10148573e+00
-5.10729837e+00
-5.11306381e+00
-5.11878061e+00
-5.12444973e+00
-5.13006973e+00
-5.13564205e+00
-5.14116573e+00
-5.14664125e+00
-5.15206814e+00
-5.15744638e+00
-5.16277647e+00
-5.16805696e+00
-5.17328978e+00
-5.17847347e+00
-5.18360806e+00
-5.18869400e+00
-5.19373131e+00
-5.19871902e+00
-5.20365858e+00
-5.20854855e+00
-5.21338987e+00
-5.21818161e+00
-5.22292471e+00
-5.22761822e+00
-5.23226309e+00
-5.23685789e+00
-5.24140310e+00
-5.24589968e+00
-5.25034618e+00
-5.25474405e+00
-5.25909185e+00
-5.26339006e+00
-5.26763868e+00
-5.27183867e+00
-5.27598810e+00
-5.28008795e+00
-5.28413820e+00
-5.28813791e+00
-5.29208851e+00
-5.29598904e+00
-5.29983950e+00
-5.30364037e+00
-5.30739117e+00
-5.31109190e+00
-5.31474257e+00
-5.31834316e+00
-5.32189369e+00
-5.32539415e+00
-5.32884502e+00
-5.33224487e+00
-5.33559465e+00
-5.33889389e+00
-5.34214354e+00
-5.34534216e+00
-5.34849072e+00
-5.35158873e+00
-5.35463619e+00
-5.35763359e+00
-5.36058092e+00
-5.36347675e+00
-5.36632299e+00
-5.36911821e+00
-5.37186241e+00
-5.37455654e+00
-5.37720013e+00
-5.37979269e+00
-5.38233471e+00
-5.38482571e+00
-5.38726664e+00
-5.38965654e+00
-5.39199543e+00
-5.39428377e+00
-5.39652157e+00
-5.39870787e+00
-5.40084314e+00
-5.40292835e+00
-5.40496206e+00
-5.40694523e+00
-5.40887737e+00
-5.41075850e+00
-5.41258812e+00
-5.41436768e+00
-5.41609621e+00
-5.41777277e+00
-5.41939926e+00
-5.42097378e+00
-5.42249823e+00
-5.42397022e+00
-5.42539215e+00
-5.42676258e+00
-5.42808247e+00
-5.42935085e+00
-5.43056774e+00
-5.43173409e+00
-5.43284893e+00
-5.43391275e+00
-5.43492508e+00
-5.43588638e+00
-5.43679667e+00
-5.43765497e+00
-5.43846273e+00
-5.43921852e+00
-5.43992424e+00
-5.44057798e+00
-5.44118023e+00
-5.44173145e+00
-5.44223166e+00
-5.44268036e+00
-5.44307804e+00
-5.44342422e+00
-5.44371891e+00
-5.44396305e+00
-5.44415522e+00
-5.44429636e+00
-5.44438648e+00
-5.44442463e+00
-5.44441175e+00
-5.44434786e+00
-5.44423199e+00
-5.44406557e+00
-5.44384766e+00
-5.44357824e+00
-5.44325733e+00
-5.44288588e+00
-5.44246244e+00
-5.44198847e+00
-5.44146252e+00
-5.44088554e+00
-5.44025755e+00
-5.43957806e+00
-5.43884706e+00
-5.43806505e+00
-5.43723202e+00
-5.43634748e+00
-5.43541193e+00
-5.43442488e+00
-5.43338680e+00
-5.43229771e+00
-5.43115759e+00
-5.42996597e+00
-5.42872334e+00
-5.42742920e+00
-5.42608404e+00
-5.42468786e+00
-5.42324066e+00
-5.42174244e+00
-5.42019272e+00
-5.41859245e+00
-5.41694117e+00
-5.41523838e+00
-5.41348457e+00
-5.41168022e+00
-5.40982437e+00
-5.40791798e+00
-5.40596008e+00
-5.40395164e+00
-5.40189219e+00
-5.39978170e+00
-5.39762115e+00
-5.39540911e+00
-5.39314651e+00
-5.39083242e+00
-5.38846827e+00
-5.38605261e+00
-5.38358688e+00
-5.38106966e+00
-5.37850285e+00
-5.37588501e+00
-5.37321568e+00
-5.37049675e+00
-5.36772728e+00
-5.36490631e+00
-5.36203480e+00
-5.35911369e+00
-5.35614157e+00
-5.35311937e+00
-5.35004616e+00
-5.34692335e+00
-5.34374905e+00
-5.34052515e+00
-5.33725071e+00
-5.33392572e+00
-5.33055067e+00
-5.32712603e+00
-5.32365036e+00
-5.32012510e+00
-5.31654978e+00
-5.31292391e+00
-5.30924797e+00
-5.30552244e+00
-5.30174685e+00
-5.29792070e+00
-5.29404497e+00
-5.29011965e+00
-5.28614378e+00
-5.28211927e+00
-5.27804422e+00
-5.27392006e+00
-5.26974535e+00
-5.26552153e+00
-5.26124763e+00
-5.25692463e+00
-5.25255156e+00
-5.24812937e+00
-5.24365759e+00
-5.23913670e+00
-5.23456621e+00
-5.22994661e+00
-5.22527790e+00
-5.22055960e+00
-5.21579218e+00
-5.21097517e+00
-5.20610952e+00
-5.20119524e+00
-5.19623184e+00
-5.19121885e+00
-5.18615723e+00
-5.18104696e+00
-5.17588758e+00
-5.17067957e+00
-5.16542292e+00
-5.16011715e+00
-5.15476322e+00
-5.14936113e+00
-5.14390945e+00
-5.13841057e+00
-5.13286209e+00
-5.12726593e+00
-5.12162161e+00
-5.11592865e+00
-5.11018753e+00
-5.10439825e+00
-5.09856129e+00
-5.09267521e+00
-5.08674192e+00
-5.08076096e+00
-5.07473230e+00
-5.06865501e+00
-5.06253004e+00
-5.05635786e+00
-5.05013752e+00
-5.04386997e+00
-5.03755474e+00
-5.03119183e+00
-5.02478218e+00
-5.01832533e+00
-5.01182032e+00
-5.00526905e+00
-4.99866962e+00
-4.99202347e+00
-4.98533058e+00
-4.97859049e+00
-4.97180319e+00
-4.96496964e+00
-4.95808887e+00
-4.95116138e+00
-4.94418764e+00
-4.93716717e+00
-4.93010044e+00
-4.92298603e+00
-4.91582632e+00
-4.90861988e+00
-4.90136766e+00
-4.89406872e+00
-4.88672447e+00
-4.87933350e+00
-4.87189627e+00
-4.86441422e+00
-4.85688543e+00
-4.84931135e+00
-4.84169102e+00
-4.83402538e+00
-4.82631445e+00
-4.81855774e+00
-4.81075573e+00
-4.80290842e+00
-4.79501629e+00
-4.78707838e+00
-4.77909565e+00
-4.77106810e+00
-4.76299524e+00
-4.75487757e+00
-4.74671459e+00
-4.73850727e+00
-4.73025560e+00
-4.72195911e+00
-4.71361828e+00
-4.70523262e+00
-4.69680309e+00
-4.68832922e+00
-4.67981148e+00
-4.67124891e+00
-4.66264296e+00
-4.65399265e+00
-4.64529896e+00
-4.63656092e+00
-4.62777948e+00
-4.61895466e+00
-4.61008596e+00
-4.60117435e+00
-4.59221888e+00
-4.58322048e+00
-4.57417870e+00
-4.56509399e+00
-4.55596590e+00
-4.54679489e+00
-4.53758144e+00
-4.52832508e+00
-4.51902628e+00
-4.50968456e+00
-4.50030088e+00
-4.49087429e+00
-4.48140526e+00
-4.47189426e+00
-4.46234083e+00
-4.45274544e+00
-4.44310856e+00
-4.43342972e+00
-4.42370892e+00
-4.41394615e+00
-4.40414190e+00
-4.39429665e+00
-4.38440990e+00
-4.37448120e+00
-4.36451197e+00
-4.35450125e+00
-4.34444952e+00
-4.33435726e+00
-4.32422400e+00
-4.31404972e+00
-4.30383492e+00
-4.29357958e+00
-4.28328371e+00
-4.27294779e+00
-4.26257133e+00
-4.25215483e+00
-4.24169827e+00
-4.23120165e+00
-4.22066498e+00
-4.21008921e+00
-4.19947338e+00
-4.18881750e+00
-4.17812300e+00
-4.16738844e+00
-4.15661478e+00
-4.14580250e+00
-4.13495064e+00
-4.12406015e+00
-4.11313057e+00
-4.10216188e+00
-4.09115505e+00
-4.08010960e+00
-4.06902552e+00
-4.05790329e+00
-4.04674292e+00
-4.03554392e+00
-4.02430725e+00
-4.01303244e+00
-4.00172043e+00
-3.99037051e+00
-3.97898269e+00
-3.96755743e+00
-3.95609474e+00
-3.94459534e+00
-3.93305802e+00
-3.92148399e+00
-3.90987301e+00
-3.89822531e+00
-3.88654065e+00
-3.87481928e+00
-3.86306190e+00
-3.85126781e+00
-3.83943772e+00
-3.82757092e+00
-3.81566811e+00
-3.80372930e+00
-3.79175520e+00
-3.77974486e+00
-3.76769972e+00
-3.75561810e+00
-3.74350166e+00
-3.73134995e+00
-3.71916270e+00
-3.70694041e+00
-3.69468355e+00
-3.68239164e+00
-3.67006540e+00
-3.65770411e+00
-3.64530849e+00
-3.63287878e+00
-3.62041473e+00
-3.60791659e+00
-3.59538460e+00
-3.58281827e+00
-3.57021809e+00
-3.55758476e+00
-3.54491782e+00
-3.53221750e+00
-3.51948380e+00
-3.50671697e+00
-3.49391699e+00
-3.48108435e+00
-3.46821856e+00
-3.45532036e+00
-3.44238949e+00
-3.42942643e+00
-3.41643071e+00
-3.40340281e+00
-3.39034319e+00
-3.37725163e+00
-3.36412764e+00
-3.35097218e+00
-3.33778572e+00
-3.32456732e+00
-3.31131792e+00
-3.29803681e+00
-3.28472495e+00
-3.27138209e+00
-3.25800848e+00
-3.24460435e+00
-3.23116922e+00
-3.21770358e+00
-3.20420814e+00
-3.19068241e+00
-3.17712665e+00
-3.16354036e+00
-3.14992499e+00
-3.13627958e+00
-3.12260485e+00
-3.10890079e+00
-3.09516692e+00
-3.08140397e+00
-3.06761217e+00
-3.05379152e+00
-3.03994226e+00
-3.02606392e+00
-3.01215720e+00
-2.99822235e+00
-2.98425913e+00
-2.97026777e+00
-2.95624852e+00
-2.94220114e+00
-2.92812610e+00
-2.91402364e+00
-2.89989400e+00
-2.88573647e+00
-2.87155199e+00
-2.85734057e+00
-2.84310198e+00
-2.82883692e+00
-2.81454492e+00
-2.80022621e+00
-2.78588176e+00
-2.77151060e+00
-2.75711346e+00
-2.74269032e+00
-2.72824144e+00
-2.71376681e+00
-2.69926643e+00
-2.68474078e+00
-2.67018962e+00
-2.65561366e+00
-2.64101267e+00
-2.62638664e+00
-2.61173558e+00
-2.59706044e+00
-2.58236074e+00
-2.56763649e+00
-2.55288792e+00
-2.53811574e+00
-2.52331924e+00
-2.50849915e+00
-2.49365568e+00
-2.47878814e+00
-2.46389771e+00
-2.44898367e+00
-2.43404698e+00
-2.41908717e+00
-2.40410447e+00
-2.38909936e+00
-2.37407160e+00
-2.35902143e+00
-2.34394908e+00
-2.32885456e+00
-2.31373835e+00
-2.29859996e+00
-2.28344035e+00
-2.26825881e+00
-2.25305605e+00
-2.23783231e+00
-2.22258711e+00
-2.20732117e+00
-2.19203448e+00
-2.17672706e+00
-2.16139913e+00
-2.14605093e+00
-2.13068223e+00
-2.11529374e+00
-2.09988523e+00
-2.08445692e+00
-2.06900883e+00
-2.05354166e+00
-2.03805470e+00
-2.02254868e+00
-2.00702357e+00
-1.99147975e+00
-1.97591710e+00
-1.96033585e+00
-1.94473600e+00
-1.92911792e+00
-1.91348159e+00
-1.89782715e+00
-1.88215518e+00
-1.86646521e+00
-1.85075772e+00
-1.83503282e+00
-1.81929052e+00
-1.80353105e+00
-1.78775454e+00
-1.77196145e+00
-1.75615156e+00
-1.74032521e+00
-1.72448218e+00
-1.70862317e+00
-1.69274795e+00
-1.67685676e+00
-1.66094983e+00
-1.64502728e+00
-1.62908924e+00
-1.61313570e+00
-1.59716702e+00
-1.58118343e+00
-1.56518495e+00
-1.54917145e+00
-1.53314364e+00
-1.51710117e+00
-1.50104439e+00
-1.48497367e+00
-1.46888876e+00
-1.45279014e+00
-1.43667805e+00
-1.42055213e+00
-1.40441287e+00
-1.38826036e+00
-1.37209487e+00
-1.35591626e+00
-1.33972502e+00
-1.32352126e+00
-1.30730486e+00
-1.29107618e+00
-1.27483523e+00
-1.25858247e+00
-1.24231780e+00
-1.22604144e+00
-1.20975351e+00
-1.19345415e+00
-1.17714345e+00
-1.16082180e+00
-1.14448905e+00
-1.12814569e+00
-1.11179173e+00
-1.09542716e+00
-1.07905233e+00
-1.06266737e+00
-1.04627240e+00
-1.02986753e+00
-1.01345289e+00
-9.97028828e-01
-9.80595291e-01
-9.64152575e-01
-9.47700739e-01
-9.31239903e-01
-9.14770365e-01
-8.98292184e-01
-8.81805599e-01
-8.65310669e-01
-8.48807573e-01
-8.32296491e-01
-8.15777600e-01
-7.99251020e-01
-7.82716811e-01
-7.66175330e-01
-7.49626637e-01
-7.33070850e-01
-7.16508090e-01
-6.99938655e-01
-6.83362603e-01
-6.66780114e-01
-6.50191426e-01
-6.33596480e-01
-6.16995692e-01
-6.00389004e-01
-5.83776653e-01
-5.67158818e-01
-5.50535619e-01
-5.33907235e-01
-5.17273843e-01
-5.00635624e-01
-4.83992606e-01
-4.67345059e-01
-4.50693130e-01
-4.34036940e-01
-4.17376667e-01
-4.00712460e-01
-3.84044439e-01
-3.67372870e-01
-3.50697786e-01
-3.34019423e-01
-3.17337930e-01
-3.00653428e-01
-2.83966064e-01
-2.67276049e-01
-2.50583529e-01
-2.33888641e-01
-2.17191532e-01
-2.00492382e-01
-1.83791339e-01
-1.67088583e-01
-1.50384247e-01
-1.33678496e-01
-1.16971470e-01
-1.00263357e-01
-8.35542977e-02
-6.68444410e-02
-5.01352958e-02
-3.34669761e-02
-1.73045658e-02
-3.96088092e-03
3.96088092e-03
1.73045658e-02
