-1.34329736e+00
-4.26596105e-01
4.26596105e-01
1.34329736e+00
2.37382102e+00
3.48324800e+00
4.62633228e+00
5.77941370e+00
6.93465424e+00
8.09020138e+00
9.24572182e+00
1.04011583e+01
1.15564976e+01
1.27117290e+01
1.38668385e+01
1.50218172e+01
1.61766567e+01
1.73313427e+01
1.84858665e+01
1.96402149e+01
2.07943802e+01
2.19483471e+01
2.31021080e+01
2.42556515e+01
2.54089661e+01
2.65620384e+01
2.77148647e+01
2.88674278e+01
3.00197201e+01
3.11717300e+01
3.23234444e+01
3.34748573e+01
3.46259537e+01
3.57767220e+01
3.69271545e+01
3.80772400e+01
3.92269669e+01
4.03763237e+01
4.15252991e+01
4.26738815e+01
4.38220711e+01
4.49698372e+01
4.61171799e+01
4.72640915e+01
4.84105568e+01
4.95565643e+01
5.07021103e+01
5.18471794e+01
5.29917526e+01
5.41358299e+01
5.52793961e+01
5.64224396e+01
5.75649529e+01
5.87069321e+01
5.98483505e+01
6.09892082e+01
6.21294861e+01
6.32691879e+01
6.44082870e+01
6.55467834e+01
6.66846542e+01
6.78218994e+01
6.89585114e+01
7.00944672e+01
7.12297668e+01
7.23643875e+01
7.34983292e+01
7.46315765e+01
7.57641373e+01
7.68959808e+01
7.80270920e+01
7.91574554e+01
8.02870941e+01
8.14159698e+01
8.25440674e+01
8.36713943e+01
8.47979279e+01
8.59236755e+01
8.70486069e+01
8.81727142e+01
8.92959976e+01
9.04184494e+01
9.15400314e+01
9.26607666e+01
9.37806168e+01
9.48995895e+01
9.60176544e+01
9.71348343e+01
9.82510834e+01
9.93664017e+01
1.00480804e+02
1.01594254e+02
1.02706749e+02
1.03818268e+02
1.04928810e+02
1.06038368e+02
1.07146927e+02
1.08254463e+02
1.09361000e+02
1.10466492e+02
1.11570946e+02
1.12674347e+02
1.13776695e+02
1.14877960e+02
1.15978149e+02
1.17077248e+02
1.18175247e+02
1.19272118e+02
1.20367874e+02
1.21462502e+02
1.22555984e+02
1.23648300e+02
1.24739464e+02
1.25829445e+02
1.26918243e+02
1.28005844e+02
1.29092239e+02
1.30177414e+02
1.31261368e+02
1.32344086e+02
1.33425537e+02
1.34505768e+02
1.35584717e+02
1.36662384e+02
1.37738770e+02
1.38813828e+02
1.39887604e+02
1.40960052e+02
1.42031189e+02
1.43100983e+02
1.44169418e+02
1.45236511e+02
1.46302231e+02
1.47366577e+02
1.48429504e+02
1.49491058e+02
1.50551193e+02
1.51609924e+02
1.52667206e+02
1.53723068e+02
1.54777466e+02
1.55830414e+02
1.56881897e+02
1.57931915e+02
1.58980438e+02
1.60027435e+02
1.61072952e+02
1.62116943e+02
1.63159409e+02
1.64200317e+02
1.65239716e+02
1.66277542e+02
1.67313797e+02
1.68348480e+02
1.69381577e+02
1.70413071e+02
1.71442963e+02
1.72471222e+02
1.73497894e+02
1.74522919e+02
1.75546295e+02
1.76568024e+02
1.77588058e+02
1.78606445e+02
1.79623138e+02
1.80638153e+02
1.81651459e+02
1.82663055e+02
1.83672913e+02
1.84681076e+02
1.85687485e+02
1.86692139e+02
1.87695007e+02
1.88696152e+02
1.89695511e+02
1.90693069e+02
1.91688828e+02
1.92682770e+02
1.93674896e+02
1.94665237e+02
1.95653732e+02
1.96640366e+02
1.97625153e+02
1.98608078e+02
1.99589142e+02
2.00568298e+02
2.01545593e+02
2.02520981e+02
2.03494461e+02
2.04466034e+02
2.05435669e+02
2.06403381e+02
2.07369125e+02
2.08332932e+02
2.09294785e+02
2.10254639e+02
2.11212555e+02
2.12168411e+02
2.13122314e+02
2.14074188e+02
2.15024063e+02
2.15971909e+02
2.16917725e+02
2.17861481e+02
2.18803192e+02
2.19742844e+02
2.20680420e+02
2.21615921e+02
2.22549332e+02
2.23480667e+02
2.24409882e+02
2.25337006e+02
2.26261978e+02
2.27184814e+02
2.28105515e+02
2.29024078e+02
2.29940460e+02
2.30854706e+02
2.31766739e+02
2.32676636e+02
2.33584290e+02
2.34489761e+02
2.35393051e+02
2.36294098e+02
2.37192917e+02
2.38089508e+02
2.38983871e+02
2.39875961e+02
2.40765793e+02
2.41653381e+02
2.42538666e+02
2.43421677e+02
2.44302383e+02
2.45180786e+02
2.46056885e+02
2.46930664e+02
2.47802109e+02
2.48671234e+02
2.49538010e+02
2.50402435e+02
2.51264496e+02
2.52124222e+02
2.52981537e+02
2.53836487e+02
2.54689041e+02
2.55539200e+02
2.56386963e+02
2.57232269e+02
2.58075165e+02
2.58915619e+02
2.59753662e+02
2.60589233e+02
2.61422363e+02
2.62253082e+02
2.63081268e+02
2.63907013e+02
2.64730225e+02
2.65550964e+02
2.66369202e+02
2.67184937e+02
2.67998108e+02
2.68808807e+02
2.69616943e+02
2.70422546e+02
2.71225647e+02
2.72026123e+02
2.72824097e+02
2.73619446e+02
2.74412262e+02
2.75202454e+02
2.75990082e+02
2.76775116e+02
2.77557495e+02
2.78337311e+02
2.79114471e+02
2.79889038e+02
2.80660919e+02
2.81430206e+02
2.82196808e+02
2.82960785e+02
2.83722046e+02
2.84480682e+02
2.85236603e+02
2.85989838e+02
2.86740387e+02
2.87488251e+02
2.88233368e+02
2.88975800e+02
2.89715515e+02
2.90452484e+02
2.91186676e+02
2.91918152e+02
2.92646912e+02
2.93372894e+02
2.94096130e+02
2.94816589e+02
2.95534271e+02
2.96249146e+02
2.96961243e+02
2.97670563e+02
2.98377014e+02
2.99080750e+02
2.99781616e+02
3.00479645e+02
3.01174896e+02
3.01867249e+02
3.02556732e+02
3.03243408e+02
3.03927277e+02
3.04608246e+02
3.05286285e+02
3.05961487e+02
3.06633820e+02
3.07303284e+02
3.07969849e+02
3.08633484e+02
3.09294220e+02
3.09952026e+02
3.10606934e+02
3.11258911e+02
3.11907959e+02
3.12554047e+02
3.13197205e+02
3.13837433e+02
3.14474670e+02
3.15108948e+02
3.15740295e+02
3.16368622e+02
3.16993958e+02
3.17616364e+02
3.18235718e+02
3.18852112e+02
3.19465515e+02
3.20075897e+02
3.20683228e+02
3.21287567e+02
3.21888885e+02
3.22487152e+02
3.23082397e+02
3.23674591e+02
3.24263733e+02
3.24849823e+02
3.25432831e+02
3.26012817e+02
3.26589722e+02
3.27163513e+02
3.27734253e+02
3.28301910e+02
3.28866516e+02
3.29427948e+02
3.29986298e+02
3.30541504e+02
3.31093628e+02
3.31642639e+02
3.32188507e+02
3.32731232e+02
3.33270844e+02
3.33807312e+02
3.34340668e+02
3.34870850e+02
3.35397888e+02
3.35921753e+02
3.36442474e+02
3.36960022e+02
3.37474365e+02
3.37985535e+02
3.38493500e+02
3.38998322e+02
3.39499939e+02
3.39998352e+02
3.40493561e+02
3.40985565e+02
3.41474365e+02
3.41959900e+02
3.42442230e+02
3.42921387e+02
3.43397278e+02
3.43869934e+02
3.44339355e+02
3.44805542e+02
3.45268463e+02
3.45728149e+02
3.46184570e+02
3.46637695e+02
3.47087585e+02
3.47534180e+02
3.47977509e+02
3.48417572e+02
3.48854370e+02
3.49287872e+02
3.49718079e+02
3.50144989e+02
3.50568604e+02
3.50988892e+02
3.51405884e+02
3.51819550e+02
3.52229950e+02
3.52637024e+02
3.53040741e+02
3.53441193e+02
3.53838257e+02
3.54231995e+02
3.54622406e+02
3.55009430e+02
3.55393158e+02
3.55773529e+02
3.56150543e+02
3.56524200e+02
3.56894501e+02
3.57261444e+02
3.57625000e+02
3.57985260e+02
3.58342072e+02
3.58695526e+02
3.59045624e+02
3.59392303e+02
3.59735596e+02
3.60075562e+02
3.60412048e+02
3.60745178e+02
3.61074890e+02
3.61401245e+02
3.61724152e+02
3.62043671e+02
3.62359802e+02
3.62672516e+02
3.62981750e+02
3.63287628e+02
3.63590057e+02
3.63889069e+02
3.64184662e+02
3.64476837e+02
3.64765564e+02
3.65050842e+02
3.65332642e+02
3.65611053e+02
3.65885986e+02
3.66157501e+02
3.66425568e+02
3.66690186e+02
3.66951294e+02
3.67208984e+02
3.67463196e+02
3.67714020e+02
3.67961304e+02
3.68205170e+02
3.68445496e+02
3.68682373e+02
3.68915802e+02
3.69145782e+02
3.69372253e+02
3.69595245e+02
3.69814728e+02
3.70030731e+02
3.70243317e+02
3.70452362e+02
3.70657898e+02
3.70859955e+02
3.71058533e+02
3.71253632e+02
3.71445190e+02
3.71633301e+02
3.71817871e+02
3.71998932e+02
3.72176483e+02
3.72350555e+02
3.72521088e+02
3.72688110e+02
3.72851685e+02
3.73011719e+02
3.73168243e+02
3.73321198e+02
3.73470673e+02
3.73616638e+02
3.73759094e+02
3.73898010e+02
3.74033386e+02
3.74165222e+02
3.74293579e+02
3.74418396e+02
3.74539703e+02
3.74657471e+02
3.74771667e+02
3.74882324e+02
3.74989502e+02
3.75093170e+02
3.75193298e+02
3.75289856e+02
3.75382904e+02
3.75472382e+02
3.75558350e+02
3.75640717e+02
3.75719574e+02
3.75794922e+02
3.75866760e+02
3.75934998e+02
3.75999725e+02
3.76060883e+02
3.76118500e+02
3.76172607e+02
3.76223145e+02
3.76270111e+02
3.76313568e+02
3.76353485e+02
3.76389862e+02
3.76422668e+02
3.76451935e+02
3.76477661e+02
3.76499817e+02
3.76518463e+02
3.76533508e+02
3.76545044e+02
3.76553040e+02
3.76557465e+02
3.76558350e+02
3.76555664e+02
3.76549469e+02
3.76539734e+02
3.76526428e+02
3.76509552e+02
3.76489166e+02
3.76465179e+02
3.76437714e+02
3.76406677e+02
3.76372070e+02
3.76333984e+02
3.76292297e+02
3.76247070e+02
3.76198303e+02
3.76145996e+02
3.76090149e+02
3.76030731e+02
3.75967804e+02
3.75901337e+02
3.75831299e+02
3.75757721e+02
3.75680603e+02
3.75599945e+02
3.75515747e+02
3.75428070e+02
3.75336792e+02
3.75242004e+02
3.75143677e+02
3.75041809e+02
3.74936401e+02
3.74827484e+02
3.74715027e+02
3.74598969e+02
3.74479462e+02
3.74356415e+02
3.74229828e+02
3.74099731e+02
3.73966095e+02
3.73828979e+02
3.73688324e+02
3.73544098e+02
3.73396393e+02
3.73245178e+02
3.73090393e+02
3.72932129e+02
3.72770355e+02
3.72605042e+02
3.72436279e+02
3.72263947e+02
3.72088135e+02
3.71908813e+02
3.71725952e+02
3.71539642e+02
3.71349823e+02
3.71156525e+02
3.70959717e+02
3.70759369e+02
3.70555511e+02
3.70348236e+02
3.70137451e+02
3.69923157e+02
3.69705444e+02
3.69484192e+02
3.69259430e+02
3.69031219e+02
3.68799561e+02
3.68564392e+02
3.68325775e+02
3.68083679e+02
3.67838104e+02
3.67589050e+02
3.67336548e+02
3.67080566e+02
3.66821136e+02
3.66558289e+02
3.66291931e+02
3.66022156e+02
3.65748932e+02
3.65472290e+02
3.65192169e+02
3.64908600e+02
3.64621582e+02
3.64331177e+02
3.64037323e+02
3.63739990e+02
3.63439301e+02
3.63135101e+02
3.62827515e+02
3.62516571e+02
3.62202209e+02
3.61884369e+02
3.61563171e+02
3.61238525e+02
3.60910461e+02
3.60579041e+02
3.60244202e+02
3.59906036e+02
3.59564392e+02
3.59219391e+02
3.58871033e+02
3.58519257e+02
3.58164062e+02
3.57805573e+02
3.57443665e+02
3.57078461e+02
3.56709778e+02
3.56337799e+02
3.55962494e+02
3.55583771e+02
3.55201752e+02
3.54816345e+02
3.54427582e+02
3.54035492e+02
3.53640106e+02
3.53241364e+02
3.52839294e+02
3.52433929e+02
3.52025208e+02
3.51613129e+02
3.51197784e+02
3.50779144e+02
3.50357178e+02
3.49931946e+02
3.49503387e+02
3.49071533e+02
3.48636353e+02
3.48197937e+02
3.47756256e+02
3.47311279e+02
3.46863037e+02
3.46411530e+02
3.45956726e+02
3.45498718e+02
3.45037384e+02
3.44572876e+02
3.44105042e+02
3.43634033e+02
3.43159760e+02
3.42682220e+02
3.42201538e+02
3.41717560e+02
3.41230377e+02
3.40739960e+02
3.40246368e+02
3.39749542e+02
3.39249542e+02
3.38746338e+02
3.38239929e+02
3.37730347e+02
3.37217590e+02
3.36701630e+02
3.36182556e+02
3.35660248e+02
3.35134766e+02
3.34606140e+02
3.34074432e+02
3.33539551e+02
3.33001465e+02
3.32460297e+02
3.31915985e+02
3.31368530e+02
3.30817963e+02
3.30264282e+02
3.29707489e+02
3.29147583e+02
3.28584595e+02
3.28018494e+02
3.27449310e+02
3.26877045e+02
3.26301697e+02
3.25723267e+02
3.25141754e+02
3.24557159e+02
3.23969543e+02
3.23378906e+02
3.22785187e+02
3.22188416e+02
3.21588623e+02
3.20985809e+02
3.20379944e+02
3.19771088e+02
3.19159210e+02
3.18544281e+02
3.17926422e+02
3.17305542e+02
3.16681671e+02
3.16054810e+02
3.15424988e+02
3.14792236e+02
3.14156464e+02
3.13517700e+02
3.12876038e+02
3.12231415e+02
3.11583801e+02
3.10933289e+02
3.10279877e+02
3.09623505e+02
3.08964233e+02
3.08302063e+02
3.07636963e+02
3.06968964e+02
3.06298065e+02
3.05624298e+02
3.04947632e+02
3.04268158e+02
3.03585754e+02
3.02900482e+02
3.02212372e+02
3.01521393e+02
3.00827606e+02
3.00130951e+02
2.99431519e+02
2.98729248e+02
2.98024170e+02
2.97316284e+02
2.96605560e+02
2.95892059e+02
2.95175781e+02
2.94456726e+02
2.93734894e+02
2.93010315e+02
2.92282928e+02
2.91552795e+02
2.90819916e+02
2.90084320e+02
2.89345978e+02
2.88604919e+02
2.87861145e+02
2.87114655e+02
2.86365448e+02
2.85613525e+02
2.84858978e+02
2.84101715e+02
2.83341736e+02
2.82579102e+02
2.81813812e+02
2.81045898e+02
2.80275299e+02
2.79502075e+02
2.78726196e+02
2.77947723e+02
2.77166626e+02
2.76382904e+02
2.75596588e+02
2.74807678e+02
2.74016174e+02
2.73222076e+02
2.72425415e+02
2.71626190e+02
2.70824432e+02
2.70020081e+02
2.69213196e+02
2.68403778e+02
2.67591827e+02
2.66777344e+02
2.65960388e+02
2.65140930e+02
2.64318909e+02
2.63494415e+02
2.62667450e+02
2.61838043e+02
2.61006134e+02
2.60171783e+02
2.59334961e+02
2.58495728e+02
2.57654053e+02
2.56809937e+02
2.55963379e+02
2.55114426e+02
2.54263077e+02
2.53409317e+02
2.52553192e+02
2.51694672e+02
2.50833786e+02
2.49970551e+02
2.49104950e+02
2.48236984e+02
2.47366699e+02
2.46494095e+02
2.45619141e+02
2.44741867e+02
2.43862305e+02
2.42980469e+02
2.42096313e+02
2.41209869e+02
2.40321152e+02
2.39430191e+02
2.38536972e+02
2.37641525e+02
2.36743790e+02
2.35843842e+02
2.34941681e+02
2.34037323e+02
2.33130722e+02
2.32221939e+02
2.31311005e+02
2.30397858e+02
2.29482544e+02
2.28565063e+02
2.27645416e+02
2.26723663e+02
2.25799744e+02
2.24873703e+02
2.23945557e+02
2.23015289e+02
2.22082901e+02
2.21148453e+02
2.20211914e+02
2.19273285e+02
2.18332596e+02
2.17389847e+02
2.16445068e+02
2.15498245e+02
2.14549377e+02
2.13598495e+02
2.12645615e+02
2.11690735e+02
2.10733841e+02
2.09774963e+02
2.08814087e+02
2.07851288e+02
2.06886505e+02
2.05919769e+02
2.04951096e+02
2.03980515e+02
2.03007996e+02
2.02033554e+02
2.01057220e+02
2.00078979e+02
1.99098862e+02
1.98116882e+02
1.97133011e+02
1.96147278e+02
1.95159714e+02
1.94170319e+02
1.93179108e+02
1.92186035e+02
1.91191177e+02
1.90194504e+02
1.89196045e+02
1.88195816e+02
1.87193802e+02
1.86190033e+02
1.85184494e+02
1.84177231e+02
1.83168213e+02
1.82157471e+02
1.81145035e+02
1.80130875e+02
1.79115036e+02
1.78097473e+02
1.77078247e+02
1.76057358e+02
1.75034805e+02
1.74010620e+02
1.72984772e+02
1.71957306e+02
1.70928223e+02
1.69897522e+02
1.68865219e+02
1.67831345e+02
1.66795868e+02
1.65758835e+02
1.64720245e+02
1.63680084e+02
1.62638382e+02
1.61595169e+02
1.60550400e+02
1.59504120e+02
1.58456375e+02
1.57407104e+02
1.56356354e+02
1.55304138e+02
1.54250443e+02
1.53195328e+02
1.52138763e+02
1.51080750e+02
1.50021317e+02
1.48960480e+02
1.47898209e+02
1.46834564e+02
1.45769547e+02
1.44703140e+02
1.43635391e+02
1.42566269e+02
1.41495804e+02
1.40424011e+02
1.39350906e+02
1.38276459e+02
1.37200745e+02
1.36123718e+02
1.35045410e+02
1.33965836e+02
1.32884995e+02
1.31802902e+02
1.30719559e+02
1.29634979e+02
1.28549194e+02
1.27462196e+02
1.26373993e+02
1.25284607e+02
1.24194031e+02
1.23102295e+02
1.22009399e+02
1.20915344e+02
1.19820168e+02
1.18723839e+02
1.17626396e+02
1.16527840e+02
1.15428200e+02
1.14327469e+02
1.13225662e+02
1.12122787e+02
1.11018860e+02
1.09913887e+02
1.08807877e+02
1.07700844e+02
1.06592789e+02
1.05483727e+02
1.04373680e+02
1.03262642e+02
1.02150642e+02
1.01037674e+02
9.99237442e+01
9.88088760e+01
9.76930771e+01
9.65763702e+01
9.54587479e+01
9.43402252e+01
9.32208023e+01
9.21005173e+01
9.09793625e+01
8.98573456e+01
8.87344818e+01
8.76107941e+01
8.64862671e+01
8.53609314e+01
8.42347794e+01
8.31078415e+01
8.19801254e+01
8.08516388e+01
7.97223740e+01
7.85923767e+01
7.74616318e+01
7.63301544e+01
7.51979675e+01
7.40650558e+01
7.29314651e+01
7.17971725e+01
7.06622162e+01
6.95265884e+01
6.83902969e+01
6.72533646e+01
6.61157990e+01
6.49776154e+01
6.38388214e+01
6.26994247e+01
6.15594292e+01
6.04188614e+01
5.92777176e+01
5.81360245e+01
5.69937820e+01
5.58509979e+01
5.47076912e+01
5.35638657e+01
5.24195366e+01
5.12747154e+01
5.01294136e+01
4.89836388e+01
4.78373947e+01
4.66907005e+01
4.55435715e+01
4.43960114e+01
4.32480392e+01
4.20996552e+01
4.09508705e+01
3.98017044e+01
3.86521606e+01
3.75022545e+01
3.63519974e+01
3.52013931e+01
3.40504570e+01
3.28992004e+01
3.17476368e+01
3.05957737e+01
2.94436226e+01
2.82911911e+01
2.71384926e+01
2.59855423e+01
2.48323479e+01
2.36789169e+01
2.25252666e+01
2.13713989e+01
2.02173309e+01
1.90630741e+01
1.79086361e+01
1.67540302e+01
1.55992670e+01
1.44443579e+01
1.32893105e+01
1.21341381e+01
1.09788523e+01
9.82346153e+00
8.66798019e+00
7.51241589e+00
6.35678196e+00
5.20108700e+00
4.04534292e+00
2.88956070e+00
1.73375189e+00
5.77926576e-01
-5.77904165e-01
-1.73372960e+00
-2.88953876e+00
-4.04532003e+00
-5.20106411e+00
-6.35675812e+00
-7.51239300e+00
-8.66795731e+00
-9.82344055e+00
-1.09788294e+01
-1.21341171e+01
-1.32892895e+01
-1.44443359e+01
-1.55992451e+01
-1.67540092e+01
-1.79086151e+01
-1.90630531e+01
-2.02173119e+01
-2.13713779e+01
-2.25252438e+01
-2.36788998e+01
-2.48323288e+01
-2.59855251e+01
-2.71384773e+01
-2.82911701e+01
-2.94435997e+01
-3.05957546e+01
-3.17476196e+01
-3.28991852e+01
-3.40504417e+01
-3.52013741e+01
-3.63519745e+01
-3.75022354e+01
-3.86521378e+01
-3.98016777e+01
-4.09508476e+01
-4.20996284e+01
-4.32480087e+01
-4.43959885e+01
-4.55435448e+01
-4.66906815e+01
-4.78373680e+01
-4.89836082e+01
-5.01293869e+01
-5.12746925e+01
-5.24195175e+01
-5.35638428e+01
-5.47076645e+01
-5.58509750e+01
-5.69937553e+01
-5.81360016e+01
-5.92777023e+01
-6.04188385e+01
-6.15594139e+01
-6.26994057e+01
-6.38388023e+01
-6.49776001e+01
-6.61157837e+01
-6.72533417e+01
-6.83902740e+01
-6.95265579e+01
-7.06621857e+01
-7.17971497e+01
-7.29314423e+01
-7.40650406e+01
-7.51979370e+01
-7.63301392e+01
-7.74616089e+01
-7.85923615e+01
-7.97223587e+01
-8.08516006e+01
-8.19800949e+01
-8.31078186e+01
-8.42347565e+01
-8.53609009e+01
-8.64862442e+01
-8.76107635e+01
-8.87344666e+01
-8.98573303e+01
-9.09793396e+01
-9.21004944e+01
-9.32207870e+01
-9.43401947e+01
-9.54587250e+01
-9.65763474e+01
-9.76930618e+01
-9.88088531e+01
-9.99237213e+01
-1.01037643e+02
-1.02150612e+02
-1.03262619e+02
-1.04373657e+02
-1.05483704e+02
-1.06592758e+02
-1.07700806e+02
-1.08807838e+02
-1.09913857e+02
-1.11018829e+02
-1.12122757e+02
-1.13225632e+02
-1.14327454e+02
-1.15428177e+02
-1.16527832e+02
-1.17626373e+02
-1.18723816e+02
-1.19820137e+02
-1.20915321e+02
-1.22009377e+02
-1.23102280e+02
-1.24194016e+02
-1.25284584e+02
-1.26373970e+02
-1.27462173e+02
-1.28549179e+02
-1.29634949e+02
-1.30719528e+02
-1.31802872e+02
-1.32884964e+02
-1.33965790e+02
-1.35045364e+02
-1.36123672e+02
-1.37200714e+02
-1.38276443e+02
-1.39350876e+02
-1.40423996e+02
-1.41495789e+02
-1.42566254e+02
-1.43635376e+02
-1.44703125e+02
-1.45769531e+02
-1.46834534e+02
-1.47898193e+02
-1.48960449e+02
-1.50021286e+02
-1.51080719e+02
-1.52138733e+02
-1.53195312e+02
-1.54250443e+02
-1.55304123e+02
-1.56356339e+02
-1.57407074e+02
-1.58456329e+02
-1.59504120e+02
-1.60550369e+02
-1.61595123e+02
-1.62638367e+02
-1.63680054e+02
-1.64720215e+02
-1.65758804e+02
-1.66795853e+02
-1.67831329e+02
-1.68865219e+02
-1.69897507e+02
-1.70928207e+02
-1.71957291e+02
-1.72984756e+02
-1.74010590e+02
-1.75034790e+02
-1.76057343e+02
-1.77078232e+02
-1.78097458e+02
-1.79114990e+02
-1.80130859e+02
-1.81145020e+02
-1.82157455e+02
-1.83168198e+02
-1.84177216e+02
-1.85184479e+02
-1.86190002e+02
-1.87193771e+02
-1.88195786e+02
-1.89196030e+02
-1.90194489e+02
-1.91191162e+02
-1.92186020e+02
-1.93179092e+02
-1.94170319e+02
-1.95159714e+02
-1.96147278e+02
-1.97132996e+02
-1.98116867e+02
-1.99098846e+02
-2.00078949e+02
-2.01057190e+02
-2.02033524e+02
-2.03007965e+02
-2.03980484e+02
-2.04951080e+02
-2.05919754e+02
-2.06886475e+02
-2.07851273e+02
-2.08814087e+02
-2.09774948e+02
-2.10733795e+02
-2.11690689e+02
-2.12645599e+02
-2.13598495e+02
-2.14549377e+02
-2.15498245e+02
-2.16445068e+02
-2.17389847e+02
-2.18332596e+02
-2.19273270e+02
-2.20211899e+02
-2.21148422e+02
-2.22082886e+02
-2.23015244e+02
-2.23945511e+02
-2.24873672e+02
-2.25799713e+02
-2.26723633e+02
-2.27645401e+02
-2.28565063e+02
-2.29482544e+02
-2.30397858e+02
-2.31310989e+02
-2.32221939e+02
-2.33130722e+02
-2.34037323e+02
-2.34941681e+02
-2.35843826e+02
-2.36743774e+02
-2.37641464e+02
-2.38536957e+02
-2.39430191e+02
-2.40321152e+02
-2.41209854e+02
-2.42096298e+02
-2.42980438e+02
-2.43862305e+02
-2.44741867e+02
-2.45619141e+02
-2.46494080e+02
-2.47366684e+02
-2.48236969e+02
-2.49104919e+02
-2.49970535e+02
-2.50833771e+02
-2.51694641e+02
-2.52553162e+02
-2.53409302e+02
-2.54263077e+02
-2.55114410e+02
-2.55963348e+02
-2.56809906e+02
-2.57654022e+02
-2.58495697e+02
-2.59334961e+02
-2.60171783e+02
-2.61006134e+02
-2.61838043e+02
-2.62667450e+02
-2.63494415e+02
-2.64318909e+02
-2.65140869e+02
-2.65960388e+02
-2.66777344e+02
-2.67591797e+02
-2.68403748e+02
-2.69213196e+02
-2.70020081e+02
-2.70824402e+02
-2.71626190e+02
-2.72425415e+02
-2.73222076e+02
-2.74016174e+02
-2.74807678e+02
-2.75596588e+02
-2.76382904e+02
-2.77166626e+02
-2.77947723e+02
-2.78726196e+02
-2.79502075e+02
-2.80275299e+02
-2.81045898e+02
-2.81813812e+02
-2.82579102e+02
-2.83341736e+02
-2.84101685e+02
-2.84858948e+02
-2.85613525e+02
-2.86365448e+02
-2.87114655e+02
-2.87861145e+02
-2.88604919e+02
-2.89345978e+02
-2.90084320e+02
-2.90819916e+02
-2.91552795e+02
-2.92282928e+02
-2.93010315e+02
-2.93734894e+02
-2.94456726e+02
-2.95175781e+02
-2.95892059e+02
-2.96605560e+02
-2.97316284e+02
-2.98024170e+02
-2.98729248e+02
-2.99431519e+02
-3.00130951e+02
-3.00827606e+02
-3.01521393e+02
-3.02212341e+02
-3.02900452e+02
-3.03585693e+02
-3.04268066e+02
-3.04947601e+02
-3.05624268e+02
-3.06298065e+02
-3.06968933e+02
-3.07636932e+02
-3.08302002e+02
-3.08964203e+02
-3.09623505e+02
-3.10279846e+02
-3.10933289e+02
-3.11583801e+02
-3.12231354e+02
-3.12875977e+02
-3.13517700e+02
-3.14156403e+02
-3.14792175e+02
-3.15424988e+02
-3.16054810e+02
-3.16681671e+02
-3.17305542e+02
-3.17926422e+02
-3.18544281e+02
-3.19159210e+02
-3.19771088e+02
-3.20379944e+02
-3.20985779e+02
-3.21588593e+02
-3.22188416e+02
-3.22785156e+02
-3.23378906e+02
-3.23969543e+02
-3.24557159e+02
-3.25141754e+02
-3.25723267e+02
-3.26301666e+02
-3.26876984e+02
-3.27449219e+02
-3.28018463e+02
-3.28584564e+02
-3.29147552e+02
-3.29707458e+02
-3.30264282e+02
-3.30817963e+02
-3.31368530e+02
-3.31915985e+02
-3.32460297e+02
-3.33001465e+02
-3.33539520e+02
-3.34074432e+02
-3.34606140e+02
-3.35134766e+02
-3.35660217e+02
-3.36182495e+02
-3.36701599e+02
-3.37217560e+02
-3.37730347e+02
-3.38239929e+02
-3.38746338e+02
-3.39249542e+02
-3.39749542e+02
-3.40246368e+02
-3.40739960e+02
-3.41230377e+02
-3.41717560e+02
-3.42201538e+02
-3.42682220e+02
-3.43159760e+02
-3.43634033e+02
-3.44105042e+02
-3.44572815e+02
-3.45037354e+02
-3.45498657e+02
-3.45956726e+02
-3.46411530e+02
-3.46863037e+02
-3.47311279e+02
-3.47756256e+02
-3.48197937e+02
-3.48636353e+02
-3.49071533e+02
-3.49503387e+02
-3.49931885e+02
-3.50357178e+02
-3.50779083e+02
-3.51197784e+02
-3.51613129e+02
-3.52025208e+02
-3.52433929e+02
-3.52839294e+02
-3.53241364e+02
-3.53640106e+02
-3.54035492e+02
-3.54427582e+02
-3.54816345e+02
-3.55201752e+02
-3.55583771e+02
-3.55962494e+02
-3.56337799e+02
-3.56709778e+02
-3.57078461e+02
-3.57443665e+02
-3.57805573e+02
-3.58164062e+02
-3.58519226e+02
-3.58870972e+02
-3.59219360e+02
-3.59564362e+02
-3.59906006e+02
-3.60244202e+02
-3.60579041e+02
-3.60910461e+02
-3.61238525e+02
-3.61563171e+02
-3.61884369e+02
-3.62202209e+02
-3.62516571e+02
-3.62827515e+02
-3.63135101e+02
-3.63439270e+02
-3.63739990e+02
-3.64037292e+02
-3.64331177e+02
-3.64621582e+02
-3.64908600e+02
-3.65192169e+02
-3.65472290e+02
-3.65748932e+02
-3.66022156e+02
-3.66291931e+02
-3.66558289e+02
-3.66821136e+02
-3.67080566e+02
-3.67336487e+02
-3.67589020e+02
-3.67838074e+02
-3.68083649e+02
-3.68325745e+02
-3.68564392e+02
-3.68799561e+02
-3.69031219e+02
-3.69259430e+02
-3.69484192e+02
-3.69705444e+02
-3.69923157e+02
-3.70137451e+02
-3.70348236e+02
-3.70555511e+02
-3.70759369e+02
-3.70959717e+02
-3.71156525e+02
-3.71349823e+02
-3.71539642e+02
-3.71725952e+02
-3.71908813e+02
-3.72088135e+02
-3.72263947e+02
-3.72436279e+02
-3.72605042e+02
-3.72770355e+02
-3.72932129e+02
-3.73090393e+02
-3.73245178e+02
-3.73396393e+02
-3.73544098e+02
-3.73688324e+02
-3.73828979e+02
-3.73966095e+02
-3.74099731e+02
-3.74229828e+02
-3.74356415e+02
-3.74479462e+02
-3.74598969e+02
-3.74715027e+02
-3.74827484e+02
-3.74936401e+02
-3.75041809e+02
-3.75143646e+02
-3.75242004e+02
-3.75336792e+02
-3.75428070e+02
-3.75515747e+02
-3.75599945e+02
-3.75680603e+02
-3.75757721e+02
-3.75831299e+02
-3.75901337e+02
-3.75967804e+02
-3.76030731e+02
-3.76090149e+02
-3.76145996e+02
-3.76198303e+02
-3.76247070e+02
-3.76292297e+02
-3.76333984e+02
-3.76372070e+02
-3.76406677e+02
-3.76437714e+02
-3.76465179e+02
-3.76489166e+02
-3.76509552e+02
-3.76526428e+02
-3.76539734e+02
-3.76549469e+02
-3.76555664e+02
-3.76558350e+02
-3.76557465e+02
-3.76553040e+02
-3.76545044e+02
-3.76533508e+02
-3.76518463e+02
-3.76499817e+02
-3.76477661e+02
-3.76451935e+02
-3.76422668e+02
-3.76389862e+02
-3.76353485e+02
-3.76313568e+02
-3.76270111e+02
-3.76223145e+02
-3.76172607e+02
-3.76118500e+02
-3.76060883e+02
-3.75999725e+02
-3.75934998e+02
-3.75866760e+02
-3.75794922e+02
-3.75719574e+02
-3.75640717e+02
-3.75558350e+02
-3.75472382e+02
-3.75382904e+02
-3.75289856e+02
-3.75193298e+02
-3.75093170e+02
-3.74989502e+02
-3.74882324e+02
-3.74771667e+02
-3.74657471e+02
-3.74539703e+02
-3.74418396e+02
-3.74293579e+02
-3.74165222e+02
-3.74033386e+02
-3.73898010e+02
-3.73759094e+02
-3.73616638e+02
-3.73470673e+02
-3.73321198e+02
-3.73168243e+02
-3.73011719e+02
-3.72851685e+02
-3.72688171e+02
-3.72521149e+02
-3.72350586e+02
-3.72176483e+02
-3.71998932e+02
-3.71817871e+02
-3.71633301e+02
-3.71445190e+02
-3.71253632e+02
-3.71058533e+02
-3.70859955e+02
-3.70657898e+02
-3.70452362e+02
-3.70243317e+02
-3.70030731e+02
-3.69814728e+02
-3.69595245e+02
-3.69372253e+02
-3.69145782e+02
-3.68915802e+02
-3.68682373e+02
-3.68445496e+02
-3.68205170e+02
-3.67961304e+02
-3.67714020e+02
-3.67463196e+02
-3.67208984e+02
-3.66951294e+02
-3.66690186e+02
-3.66425568e+02
-3.66157501e+02
-3.65885986e+02
-3.65611053e+02
-3.65332642e+02
-3.65050842e+02
-3.64765564e+02
-3.64476837e+02
-3.64184662e+02
-3.63889069e+02
-3.63590057e+02
-3.63287628e+02
-3.62981750e+02
-3.62672516e+02
-3.62359802e+02
-3.62043701e+02
-3.61724182e+02
-3.61401276e+02
-3.61074951e+02
-3.60745178e+02
-3.60412109e+02
-3.60075562e+02
-3.59735596e+02
-3.59392303e+02
-3.59045624e+02
-3.58695526e+02
-3.58342072e+02
-3.57985260e+02
-3.57625061e+02
-3.57261475e+02
-3.56894501e+02
-3.56524200e+02
-3.56150543e+02
-3.55773529e+02
-3.55393158e+02
-3.55009460e+02
-3.54622406e+02
-3.54231995e+02
-3.53838257e+02
-3.53441193e+02
-3.53040741e+02
-3.52637024e+02
-3.52229950e+02
-3.51819580e+02
-3.51405914e+02
-3.50988922e+02
-3.50568604e+02
-3.50144989e+02
-3.49718079e+02
-3.49287872e+02
-3.48854370e+02
-3.48417572e+02
-3.47977509e+02
-3.47534210e+02
-3.47087585e+02
-3.46637695e+02
-3.46184570e+02
-3.45728149e+02
-3.45268463e+02
-3.44805542e+02
-3.44339386e+02
-3.43869965e+02
-3.43397308e+02
-3.42921387e+02
-3.42442261e+02
-3.41959930e+02
-3.41474365e+02
-3.40985596e+02
-3.40493591e+02
-3.39998352e+02
-3.39499939e+02
-3.38998322e+02
-3.38493500e+02
-3.37985535e+02
-3.37474365e+02
-3.36960022e+02
-3.36442474e+02
-3.35921753e+02
-3.35397888e+02
-3.34870850e+02
-3.34340668e+02
-3.33807312e+02
-3.33270844e+02
-3.32731232e+02
-3.32188507e+02
-3.31642639e+02
-3.31093628e+02
-3.30541504e+02
-3.29986298e+02
-3.29427948e+02
-3.28866516e+02
-3.28301910e+02
-3.27734253e+02
-3.27163513e+02
-3.26589722e+02
-3.26012817e+02
-3.25432831e+02
-3.24849823e+02
-3.24263733e+02
-3.23674591e+02
-3.23082397e+02
-3.22487183e+02
-3.21888885e+02
-3.21287598e+02
-3.20683289e+02
-3.20075897e+02
-3.19465515e+02
-3.18852142e+02
-3.18235779e+02
-3.17616394e+02
-3.16993958e+02
-3.16368622e+02
-3.15740295e+02
-3.15108948e+02
-3.14474670e+02
-3.13837433e+02
-3.13197235e+02
-3.12554108e+02
-3.11907990e+02
-3.11258972e+02
-3.10606995e+02
-3.09952057e+02
-3.09294220e+02
-3.08633484e+02
-3.07969849e+02
-3.07303345e+02
-3.06633881e+02
-3.05961548e+02
-3.05286285e+02
-3.04608246e+02
-3.03927277e+02
-3.03243408e+02
-3.02556732e+02
-3.01867249e+02
-3.01174896e+02
-3.00479645e+02
-2.99781647e+02
-2.99080750e+02
-2.98377045e+02
-2.97670563e+02
-2.96961273e+02
-2.96249176e+02
-2.95534302e+02
-2.94816620e+02
-2.94096161e+02
-2.93372955e+02
-2.92646942e+02
-2.91918213e+02
-2.91186737e+02
-2.90452484e+02
-2.89715515e+02
-2.88975800e+02
-2.88233368e+02
-2.87488251e+02
-2.86740417e+02
-2.85989838e+02
-2.85236603e+02
-2.84480682e+02
-2.83722046e+02
-2.82960785e+02
-2.82196808e+02
-2.81430206e+02
-2.80660950e+02
-2.79889038e+02
-2.79114471e+02
-2.78337311e+02
-2.77557495e+02
-2.76775116e+02
-2.75990112e+02
-2.75202484e+02
-2.74412262e+02
-2.73619476e+02
-2.72824097e+02
-2.72026123e+02
-2.71225647e+02
-2.70422546e+02
-2.69616943e+02
-2.68808807e+02
-2.67998138e+02
-2.67184937e+02
-2.66369202e+02
-2.65550964e+02
-2.64730225e+02
-2.63907013e+02
-2.63081268e+02
-2.62253082e+02
-2.61422394e+02
-2.60589264e+02
-2.59753693e+02
-2.58915649e+02
-2.58075195e+02
-2.57232269e+02
-2.56386963e+02
-2.55539200e+02
-2.54689041e+02
-2.53836487e+02
-2.52981552e+02
-2.52124237e+02
-2.51264542e+02
-2.50402481e+02
-2.49538071e+02
-2.48671280e+02
-2.47802155e+02
-2.46930679e+02
-2.46056900e+02
-2.45180786e+02
-2.44302383e+02
-2.43421692e+02
-2.42538696e+02
-2.41653381e+02
-2.40765808e+02
-2.39875961e+02
-2.38983871e+02
-2.38089508e+02
-2.37192917e+02
-2.36294098e+02
-2.35393066e+02
-2.34489792e+02
-2.33584320e+02
-2.32676636e+02
-2.31766754e+02
-2.30854706e+02
-2.29940460e+02
-2.29024078e+02
-2.28105515e+02
-2.27184814e+02
-2.26261978e+02
-2.25337006e+02
-2.24409897e+02
-2.23480682e+02
-2.22549362e+02
-2.21615936e+02
-2.20680450e+02
-2.19742874e+02
-2.18803238e+02
-2.17861496e+02
-2.16917725e+02
-2.15971909e+02
-2.15024094e+02
-2.14074203e+02
-2.13122314e+02
-2.12168457e+02
-2.11212555e+02
-2.10254639e+02
-2.09294785e+02
-2.08332932e+02
-2.07369125e+02
-2.06403381e+02
-2.05435684e+02
-2.04466049e+02
-2.03494476e+02
-2.02520996e+02
-2.01545624e+02
-2.00568344e+02
-1.99589172e+02
-1.98608109e+02
-1.97625183e+02
-1.96640411e+02
-1.95653748e+02
-1.94665253e+02
-1.93674942e+02
-1.92682816e+02
-1.91688843e+02
-1.90693069e+02
-1.89695511e+02
-1.88696167e+02
-1.87695053e+02
-1.86692154e+02
-1.85687485e+02
-1.84681076e+02
-1.83672943e+02
-1.82663071e+02
-1.81651474e+02
-1.80638168e+02
-1.79623169e+02
-1.78606461e+02
-1.77588104e+02
-1.76568039e+02
-1.75546310e+02
-1.74522934e+02
-1.73497894e+02
-1.72471252e+02
-1.71442993e+02
-1.70413086e+02
-1.69381577e+02
-1.68348495e+02
-1.67313812e+02
-1.66277573e+02
-1.65239746e+02
-1.64200363e+02
-1.63159439e+02
-1.62116943e+02
-1.61072968e+02
-1.60027466e+02
-1.58980453e+02
-1.57931931e+02
-1.56881927e+02
-1.55830460e+02
-1.54777512e+02
-1.53723083e+02
-1.52667236e+02
-1.51609955e+02
-1.50551239e+02
-1.49491074e+02
-1.48429535e+02
-1.47366577e+02
-1.46302246e+02
-1.45236526e+02
-1.44169434e+02
-1.43100983e+02
-1.42031204e+02
-1.40960083e+02
-1.39887634e+02
-1.38813858e+02
-1.37738770e+02
-1.36662399e+02
-1.35584732e+02
-1.34505783e+02
-1.33425568e+02
-1.32344101e+02
-1.31261383e+02
-1.30177414e+02
-1.29092255e+02
-1.28005859e+02
-1.26918259e+02
-1.25829468e+02
-1.24739479e+02
-1.23648315e+02
-1.22555992e+02
-1.21462532e+02
-1.20367905e+02
-1.19272148e+02
-1.18175270e+02
-1.17077271e+02
-1.15978172e+02
-1.14877991e+02
-1.13776718e+02
-1.12674377e+02
-1.11570969e+02
-1.10466515e+02
-1.09361015e+02
-1.08254486e+02
-1.07146935e+02
-1.06038391e+02
-1.04928833e+02
-1.03818291e+02
-1.02706764e+02
-1.01594261e+02
-1.00480820e+02
-9.93664322e+01
-9.82511139e+01
-9.71348572e+01
-9.60176849e+01
-9.48996048e+01
-9.37806396e+01
-9.26607819e+01
-9.15400543e+01
-9.04184799e+01
-8.92960281e+01
-8.81727448e+01
-8.70486374e+01
-8.59236984e+01
-8.47979660e+01
-8.36714249e+01
-8.25440903e+01
-8.14159851e+01
-8.02871094e+01
-7.91574783e+01
-7.80271072e+01
-7.68959961e+01
-7.57641602e+01
-7.46316147e+01
-7.34983597e+01
-7.23644104e+01
-7.12297897e+01
-7.00944901e+01
-6.89585342e+01
-6.78219223e+01
-6.66846771e+01
-6.55467987e+01
-6.44083023e+01
-6.32692032e+01
-6.21295090e+01
-6.09892273e+01
-5.98483734e+01
-5.87069550e+01
-5.75649796e+01
-5.64224663e+01
-5.52794189e+01
-5.41358528e+01
-5.29917755e+01
-5.18471985e+01
-5.07021332e+01
-4.95565872e+01
-4.84105759e+01
-4.72641144e+01
-4.61171989e+01
-4.49698524e+01
-4.38220863e+01
-4.26739082e+01
-4.15253220e+01
-4.03763466e+01
-3.92269897e+01
-3.80772667e+01
-3.69271812e+01
-3.57767487e+01
-3.46259804e+01
-3.34748840e+01
-3.23234673e+01
-3.11717529e+01
-3.00197430e+01
-2.88674526e+01
-2.77148895e+01
-2.65620651e+01
-2.54089890e+01
-2.42556744e+01
-2.31021309e+01
-2.19483700e+01
-2.07944031e+01
-1.96402378e+01
-1.84858894e+01
-1.73313675e+01
-1.61766796e+01
-1.50218410e+01
-1.38668613e+01
-1.27117500e+01
-1.15565195e+01
-1.04011803e+01
-9.24574280e+00
-8.09022427e+00
-6.93467712e+00
-5.77943659e+00
-4.62635422e+00
-3.48326945e+00
-2.37384081e+00
-1.34331250e+00
-4.26601946e-01
4.26601946e-01
1.34331250e+00
