-7.22599775e-03
-1.08709827e-03
1.08709827e-03
7.22599775e-03
1.43240346e-02
2.14858819e-02
2.86475271e-02
3.58089060e-02
4.29699421e-02
5.01305759e-02
5.72907403e-02
6.44503608e-02
7.16093779e-02
7.87677169e-02
8.59253109e-02
9.30821002e-02
1.00238018e-01
1.07392974e-01
1.14546932e-01
1.21699810e-01
1.28851548e-01
1.36002049e-01
1.43151283e-01
1.50299177e-01
1.57445639e-01
1.64590627e-01
1.71734065e-01
1.78875893e-01
1.86016008e-01
1.93154395e-01
2.00290948e-01
2.07425624e-01
2.14558333e-01
2.21689045e-01
2.28817642e-01
2.35944092e-01
2.43068308e-01
2.50190258e-01
2.57309854e-01
2.64427006e-01
2.71541655e-01
2.78653771e-01
2.85763264e-01
2.92870045e-01
2.99974084e-01
3.07075292e-01
3.14173609e-01
3.21268946e-01
3.28361273e-01
3.35450530e-01
3.42536569e-01
3.49619418e-01
3.56698960e-01
3.63775164e-01
3.70847911e-01
3.77917171e-01
3.84982884e-01
3.92044961e-01
3.99103373e-01
4.06158000e-01
4.13208812e-01
4.20255691e-01
4.27298635e-01
4.34337556e-01
4.41372395e-01
4.48403060e-01
4.55429494e-01
4.62451637e-01
4.69469458e-01
4.76482838e-01
4.83491689e-01
4.90496039e-01
4.97495741e-01
5.04490793e-01
5.11481047e-01
5.18466473e-01
5.25447011e-01
5.32422662e-01
5.39393246e-01
5.46358764e-01
5.53319156e-01
5.60274303e-01
5.67224205e-01
5.74168682e-01
5.81107855e-01
5.88041544e-01
5.94969630e-01
6.01892114e-01
6.08808935e-01
6.15720034e-01
6.22625291e-01
6.29524708e-01
6.36418223e-01
6.43305719e-01
6.50187194e-01
6.57062471e-01
6.63931608e-01
6.70794487e-01
6.77651048e-01
6.84501231e-01
6.91344917e-01
6.98182106e-01
7.05012739e-01
7.11836696e-01
7.18653917e-01
7.25464463e-01
7.32268155e-01
7.39064932e-01
7.45854735e-01
7.52637506e-01
7.59413242e-01
7.66181767e-01
7.72943139e-01
7.79697061e-01
7.86443770e-01
7.93183029e-01
7.99914837e-01
8.06639135e-01
8.13355744e-01
8.20064783e-01
8.26766074e-01
8.33459556e-01
8.40145230e-01
8.46822977e-01
8.53492677e-01
8.60154390e-01
8.66807938e-01
8.73453319e-01
8.80090535e-01
8.86719465e-01
8.93340051e-01
8.99952173e-01
9.06555891e-01
9.13150966e-01
9.19737458e-01
9.26315367e-01
9.32884455e-01
9.39444780e-01
9.45996225e-01
9.52538848e-01
9.59072411e-01
9.65596974e-01
9.72112417e-01
9.78618741e-01
9.85115826e-01
9.91603613e-01
9.98082101e-01
1.00455117e+00
1.01101065e+00
1.01746082e+00
1.02390122e+00
1.03033209e+00
1.03675330e+00
1.04316461e+00
1.04956603e+00
1.05595779e+00
1.06233943e+00
1.06871104e+00
1.07507277e+00
1.08142424e+00
1.08776557e+00
1.09409654e+00
1.10041726e+00
1.10672772e+00
1.11302757e+00
1.11931705e+00
1.12559593e+00
1.13186431e+00
1.13812196e+00
1.14436889e+00
1.15060496e+00
1.15683031e+00
1.16304457e+00
1.16924810e+00
1.17544067e+00
1.18162191e+00
1.18779206e+00
1.19395113e+00
1.20009899e+00
1.20623541e+00
1.21236050e+00
1.21847415e+00
1.22457635e+00
1.23066711e+00
1.23674619e+00
1.24281359e+00
1.24886930e+00
1.25491321e+00
1.26094532e+00
1.26696563e+00
1.27297390e+00
1.27897012e+00
1.28495443e+00
1.29092669e+00
1.29688668e+00
1.30283451e+00
1.30876982e+00
1.31469297e+00
1.32060385e+00
1.32650220e+00
1.33238792e+00
1.33826125e+00
1.34412205e+00
1.34996998e+00
1.35580528e+00
1.36162782e+00
1.36743748e+00
1.37323427e+00
1.37901819e+00
1.38478899e+00
1.39054680e+00
1.39629161e+00
1.40202320e+00
1.40774155e+00
1.41344666e+00
1.41913855e+00
1.42481697e+00
1.43048191e+00
1.43613327e+00
1.44177139e+00
1.44739568e+00
1.45300663e+00
1.45860362e+00
1.46418691e+00
1.46975648e+00
1.47531223e+00
1.48085392e+00
1.48638177e+00
1.49189556e+00
1.49739540e+00
1.50288105e+00
1.50835252e+00
1.51380992e+00
1.51925302e+00
1.52468157e+00
1.53009605e+00
1.53549588e+00
1.54088140e+00
1.54625237e+00
1.55160868e+00
1.55695057e+00
1.56227767e+00
1.56759000e+00
1.57288754e+00
1.57817042e+00
1.58343840e+00
1.58869135e+00
1.59392941e+00
1.59915245e+00
1.60436034e+00
1.60955322e+00
1.61473083e+00
1.61989343e+00
1.62504065e+00
1.63017249e+00
1.63528907e+00
1.64039004e+00
1.64547586e+00
1.65054595e+00
1.65560067e+00
1.66063964e+00
1.66566288e+00
1.67067063e+00
1.67566264e+00
1.68063867e+00
1.68559909e+00
1.69054353e+00
1.69547200e+00
1.70038462e+00
1.70528102e+00
1.71016145e+00
1.71502578e+00
1.71987402e+00
1.72470593e+00
1.72952175e+00
1.73432112e+00
1.73910415e+00
1.74387085e+00
1.74862111e+00
1.75335491e+00
1.75807226e+00
1.76277304e+00
1.76745713e+00
1.77212453e+00
1.77677524e+00
1.78140938e+00
1.78602660e+00
1.79062688e+00
1.79521060e+00
1.79977715e+00
1.80432677e+00
1.80885947e+00
1.81337500e+00
1.81787360e+00
1.82235503e+00
1.82681930e+00
1.83126628e+00
1.83569610e+00
1.84010851e+00
1.84450376e+00
1.84888136e+00
1.85324180e+00
1.85758460e+00
1.86191010e+00
1.86621797e+00
1.87050831e+00
1.87478077e+00
1.87903583e+00
1.88327312e+00
1.88749266e+00
1.89169431e+00
1.89587820e+00
1.90004432e+00
1.90419245e+00
1.90832269e+00
1.91243494e+00
1.91652918e+00
1.92060530e+00
1.92466342e+00
1.92870343e+00
1.93272507e+00
1.93672872e+00
1.94071400e+00
1.94468105e+00
1.94862974e+00
1.95256007e+00
1.95647204e+00
1.96036553e+00
1.96424055e+00
1.96809697e+00
1.97193503e+00
1.97575450e+00
1.97955537e+00
1.98333752e+00
1.98710096e+00
1.99084556e+00
1.99457169e+00
1.99827874e+00
2.00196719e+00
2.00563669e+00
2.00928736e+00
2.01291895e+00
2.01653171e+00
2.02012539e+00
2.02370000e+00
2.02725577e+00
2.03079224e+00
2.03430963e+00
2.03780794e+00
2.04128695e+00
2.04474664e+00
2.04818726e+00
2.05160832e+00
2.05501032e+00
2.05839276e+00
2.06175590e+00
2.06509972e+00
2.06842399e+00
2.07172871e+00
2.07501388e+00
2.07827973e+00
2.08152580e+00
2.08475232e+00
2.08795905e+00
2.09114647e+00
2.09431386e+00
2.09746170e+00
2.10058951e+00
2.10369778e+00
2.10678625e+00
2.10985470e+00
2.11290336e+00
2.11593223e+00
2.11894107e+00
2.12192965e+00
2.12489867e+00
2.12784743e+00
2.13077617e+00
2.13368487e+00
2.13657355e+00
2.13944221e+00
2.14229059e+00
2.14511871e+00
2.14792657e+00
2.15071416e+00
2.15348172e+00
2.15622878e+00
2.15895557e+00
2.16166210e+00
2.16434836e+00
2.16701412e+00
2.16965938e+00
2.17228436e+00
2.17488861e+00
2.17747235e+00
2.18003583e+00
2.18257880e+00
2.18510127e+00
2.18760300e+00
2.19008398e+00
2.19254446e+00
2.19498444e+00
2.19740343e+00
2.19980168e+00
2.20217943e+00
2.20453644e+00
2.20687270e+00
2.20918798e+00
2.21148252e+00
2.21375632e+00
2.21600914e+00
2.21824121e+00
2.22045231e+00
2.22264242e+00
2.22481179e+00
2.22696018e+00
2.22908735e+00
2.23119354e+00
2.23327899e+00
2.23534298e+00
2.23738623e+00
2.23940849e+00
2.24140930e+00
2.24338913e+00
2.24534798e+00
2.24728560e+00
2.24920201e+00
2.25109720e+00
2.25297141e+00
2.25482416e+00
2.25665569e+00
2.25846601e+00
2.26025486e+00
2.26202273e+00
2.26376915e+00
2.26549411e+00
2.26719785e+00
2.26888013e+00
2.27054119e+00
2.27218080e+00
2.27379894e+00
2.27539563e+00
2.27697110e+00
2.27852511e+00
2.28005743e+00
2.28156829e+00
2.28305769e+00
2.28452563e+00
2.28597212e+00
2.28739691e+00
2.28880024e+00
2.29018211e+00
2.29154229e+00
2.29288077e+00
2.29419780e+00
2.29549313e+00
2.29676676e+00
2.29801893e+00
2.29924941e+00
2.30045819e+00
2.30164528e+00
2.30281067e+00
2.30395436e+00
2.30507636e+00
2.30617666e+00
2.30725527e+00
2.30831218e+00
2.30934715e+00
2.31036067e+00
2.31135225e+00
2.31232190e+00
2.31327009e+00
2.31419611e+00
2.31510043e+00
2.31598306e+00
2.31684399e+00
2.31768298e+00
2.31850004e+00
2.31929517e+00
2.32006860e+00
2.32082033e+00
2.32154989e+00
2.32225776e+00
2.32294369e+00
2.32360768e+00
2.32424998e+00
2.32487011e+00
2.32546854e+00
2.32604504e+00
2.32659960e+00
2.32713223e+00
2.32764292e+00
2.32813144e+00
2.32859826e+00
2.32904315e+00
2.32946610e+00
2.32986712e+00
2.33024621e+00
2.33060312e+00
2.33093834e+00
2.33125162e+00
2.33154273e+00
2.33181190e+00
2.33205914e+00
2.33228469e+00
2.33248782e+00
2.33266926e+00
2.33282852e+00
2.33296609e+00
2.33308148e+00
2.33317494e+00
2.33324623e+00
2.33329582e+00
2.33332324e+00
2.33332872e+00
2.33331227e+00
2.33327389e+00
2.33321333e+00
2.33313084e+00
2.33302641e+00
2.33290005e+00
2.33275151e+00
2.33258128e+00
2.33238888e+00
2.33217454e+00
2.33193827e+00
2.33168006e+00
2.33139992e+00
2.33109760e+00
2.33077359e+00
2.33042741e+00
2.33005953e+00
2.32966948e+00
2.32925749e+00
2.32882357e+00
2.32836771e+00
2.32788992e+00
2.32739019e+00
2.32686853e+00
2.32632494e+00
2.32575941e+00
2.32517195e+00
2.32456279e+00
2.32393169e+00
2.32327843e+00
2.32260346e+00
2.32190657e+00
2.32118797e+00
2.32044721e+00
2.31968451e+00
2.31890035e+00
2.31809425e+00
2.31726599e+00
2.31641626e+00
2.31554461e+00
2.31465101e+00
2.31373572e+00
2.31279874e+00
2.31183982e+00
2.31085896e+00
2.30985665e+00
2.30883241e+00
2.30778646e+00
2.30671883e+00
2.30562925e+00
2.30451822e+00
2.30338526e+00
2.30223060e+00
2.30105448e+00
2.29985642e+00
2.29863691e+00
2.29739571e+00
2.29613256e+00
2.29484797e+00
2.29354191e+00
2.29221416e+00
2.29086471e+00
2.28949380e+00
2.28810120e+00
2.28668737e+00
2.28525162e+00
2.28379440e+00
2.28231573e+00
2.28081560e+00
2.27929378e+00
2.27775073e+00
2.27618623e+00
2.27460003e+00
2.27299237e+00
2.27136350e+00
2.26971340e+00
2.26804161e+00
2.26634860e+00
2.26463437e+00
2.26289868e+00
2.26114154e+00
2.25936317e+00
2.25756335e+00
2.25574255e+00
2.25390029e+00
2.25203681e+00
2.25015211e+00
2.24824643e+00
2.24631953e+00
2.24437141e+00
2.24240208e+00
2.24041152e+00
2.23839998e+00
2.23636723e+00
2.23431373e+00
2.23223877e+00
2.23014307e+00
2.22802639e+00
2.22588849e+00
2.22372961e+00
2.22155023e+00
2.21934938e+00
2.21712780e+00
2.21488523e+00
2.21262217e+00
2.21033788e+00
2.20803285e+00
2.20570707e+00
2.20336056e+00
2.20099330e+00
2.19860506e+00
2.19619632e+00
2.19376683e+00
2.19131684e+00
2.18884587e+00
2.18635464e+00
2.18384266e+00
2.18130994e+00
2.17875671e+00
2.17618299e+00
2.17358899e+00
2.17097425e+00
2.16833925e+00
2.16568375e+00
2.16300774e+00
2.16031146e+00
2.15759492e+00
2.15485787e+00
2.15210056e+00
2.14932299e+00
2.14652514e+00
2.14370704e+00
2.14086890e+00
2.13801050e+00
2.13513184e+00
2.13223314e+00
2.12931442e+00
2.12637568e+00
2.12341666e+00
2.12043786e+00
2.11743903e+00
2.11442018e+00
2.11138153e+00
2.10832286e+00
2.10524464e+00
2.10214615e+00
2.09902811e+00
2.09589028e+00
2.09273267e+00
2.08955526e+00
2.08635831e+00
2.08314157e+00
2.07990503e+00
2.07664919e+00
2.07337379e+00
2.07007885e+00
2.06676435e+00
2.06343031e+00
2.06007671e+00
2.05670404e+00
2.05331182e+00
2.04990029e+00
2.04646945e+00
2.04301906e+00
2.03954983e+00
2.03606129e+00
2.03255343e+00
2.02902651e+00
2.02548027e+00
2.02191520e+00
2.01833105e+00
2.01472783e+00
2.01110554e+00
2.00746441e+00
2.00380445e+00
2.00012541e+00
1.99642777e+00
1.99271107e+00
1.98897552e+00
1.98522151e+00
1.98144877e+00
1.97765732e+00
1.97384727e+00
1.97001839e+00
1.96617115e+00
1.96230531e+00
1.95842111e+00
1.95451844e+00
1.95059729e+00
1.94665766e+00
1.94269991e+00
1.93872368e+00
1.93472922e+00
1.93071651e+00
1.92668569e+00
1.92263675e+00
1.91856956e+00
1.91448438e+00
1.91038108e+00
1.90625989e+00
1.90212083e+00
1.89796364e+00
1.89378858e+00
1.88959587e+00
1.88538527e+00
1.88115668e+00
1.87691069e+00
1.87264681e+00
1.86836541e+00
1.86406624e+00
1.85974967e+00
1.85541546e+00
1.85106385e+00
1.84669483e+00
1.84230828e+00
1.83790445e+00
1.83348346e+00
1.82904494e+00
1.82458925e+00
1.82011652e+00
1.81562650e+00
1.81111944e+00
1.80659521e+00
1.80205417e+00
1.79749596e+00
1.79292095e+00
1.78832889e+00
1.78372002e+00
1.77909434e+00
1.77445197e+00
1.76979291e+00
1.76511717e+00
1.76042485e+00
1.75571585e+00
1.75099027e+00
1.74624813e+00
1.74148965e+00
1.73671472e+00
1.73192358e+00
1.72711587e+00
1.72229207e+00
1.71745205e+00
1.71259570e+00
1.70772326e+00
1.70283484e+00
1.69793034e+00
1.69300973e+00
1.68807328e+00
1.68312097e+00
1.67815268e+00
1.67316866e+00
1.66816878e+00
1.66315329e+00
1.65812206e+00
1.65307522e+00
1.64801276e+00
1.64293504e+00
1.63784158e+00
1.63273263e+00
1.62760854e+00
1.62246883e+00
1.61731422e+00
1.61214411e+00
1.60695887e+00
1.60175836e+00
1.59654284e+00
1.59131229e+00
1.58606684e+00
1.58080637e+00
1.57553089e+00
1.57024074e+00
1.56493568e+00
1.55961597e+00
1.55428159e+00
1.54893255e+00
1.54356897e+00
1.53819060e+00
1.53279793e+00
1.52739072e+00
1.52196920e+00
1.51653326e+00
1.51108313e+00
1.50561857e+00
1.50014007e+00
1.49464726e+00
1.48914051e+00
1.48361969e+00
1.47808492e+00
1.47253609e+00
1.46697342e+00
1.46139693e+00
1.45580673e+00
1.45020294e+00
1.44458520e+00
1.43895411e+00
1.43330932e+00
1.42765105e+00
1.42197943e+00
1.41629434e+00
1.41059589e+00
1.40488410e+00
1.39915907e+00
1.39342082e+00
1.38766956e+00
1.38190520e+00
1.37612796e+00
1.37033761e+00
1.36453426e+00
1.35871816e+00
1.35288930e+00
1.34704757e+00
1.34119320e+00
1.33532619e+00
1.32944667e+00
1.32355464e+00
1.31765008e+00
1.31173313e+00
1.30580378e+00
1.29986215e+00
1.29390812e+00
1.28794205e+00
1.28196394e+00
1.27597356e+00
1.26997137e+00
1.26395702e+00
1.25793087e+00
1.25189281e+00
1.24584293e+00
1.23978138e+00
1.23370814e+00
1.22762322e+00
1.22152686e+00
1.21541882e+00
1.20929945e+00
1.20316863e+00
1.19702661e+00
1.19087315e+00
1.18470848e+00
1.17853272e+00
1.17234588e+00
1.16614783e+00
1.15993893e+00
1.15371907e+00
1.14748836e+00
1.14124680e+00
1.13499451e+00
1.12873149e+00
1.12245786e+00
1.11617374e+00
1.10987902e+00
1.10357380e+00
1.09725833e+00
1.09093249e+00
1.08459616e+00
1.07824981e+00
1.07189333e+00
1.06552660e+00
1.05914986e+00
1.05276322e+00
1.04636657e+00
1.03996015e+00
1.03354394e+00
1.02711797e+00
1.02068233e+00
1.01423705e+00
1.00778222e+00
1.00131786e+00
9.94844079e-01
9.88360941e-01
9.81868446e-01
9.75366771e-01
9.68855917e-01
9.62335944e-01
9.55806851e-01
9.49268699e-01
9.42721725e-01
9.36165810e-01
9.29601014e-01
9.23027575e-01
9.16445374e-01
9.09854591e-01
9.03255105e-01
8.96647215e-01
8.90030861e-01
8.83406162e-01
8.76773119e-01
8.70131731e-01
8.63482237e-01
8.56824577e-01
8.50158870e-01
8.43485117e-01
8.36803436e-01
8.30113888e-01
8.23416412e-01
8.16711366e-01
8.09998512e-01
8.03278029e-01
7.96549976e-01
7.89814413e-01
7.83071458e-01
7.76321054e-01
7.69563317e-01
7.62798429e-01
7.56026328e-01
7.49247074e-01
7.42460787e-01
7.35667408e-01
7.28867233e-01
7.22060144e-01
7.15246201e-01
7.08425641e-01
7.01598346e-01
6.94764376e-01
6.87923968e-01
6.81077003e-01
6.74223661e-01
6.67363882e-01
6.60497963e-01
6.53625727e-01
6.46747291e-01
6.39862776e-01
6.32972300e-01
6.26075864e-01
6.19173467e-01
6.12265289e-01
6.05351269e-01
5.98431647e-01
5.91506302e-01
5.84575415e-01
5.77638984e-01
5.70697188e-01
5.63749969e-01
5.56797445e-01
5.49839675e-01
5.42876720e-01
5.35908699e-01
5.28935552e-01
5.21957457e-01
5.14974475e-01
5.07986605e-01
5.00993907e-01
4.93996561e-01
4.86994505e-01
4.79987890e-01
4.72976774e-01
4.65961158e-01
4.58941191e-01
4.51916903e-01
4.44888294e-01
4.37855542e-01
4.30818647e-01
4.23777729e-01
4.16732818e-01
4.09683943e-01
4.02631223e-01
3.95574689e-01
3.88514459e-01
3.81450564e-01
3.74383032e-01
3.67312044e-01
3.60237569e-01
3.53159696e-01
3.46078455e-01
3.38993996e-01
3.31906348e-01
3.24815542e-01
3.17721725e-01
3.10624897e-01
3.03525120e-01
2.96422482e-01
2.89317071e-01
2.82208920e-01
2.75098115e-01
2.67984718e-01
2.60868818e-01
2.53750414e-01
2.46629655e-01
2.39506558e-01
2.32381210e-01
2.25253671e-01
2.18124017e-01
2.10992306e-01
2.03858599e-01
1.96722969e-01
1.89585507e-01
1.82446226e-01
1.75305247e-01
1.68162614e-01
1.61018386e-01
1.53872654e-01
1.46725476e-01
1.39576912e-01
1.32427022e-01
1.25275895e-01
1.18123583e-01
1.10970154e-01
1.03815690e-01
9.66602415e-02
8.95038769e-02
8.23466778e-02
7.51887038e-02
6.80300146e-02
6.08706884e-02
5.37107922e-02
4.65503857e-02
3.93895395e-02
3.22283246e-02
2.50668060e-02
1.79050490e-02
1.07431244e-02
3.58109898e-03
-3.58095998e-03
-1.07429856e-02
-1.79049093e-02
-2.50666663e-02
-3.22281830e-02
-3.93893979e-02
-4.65502441e-02
-5.37106507e-02
-6.08705506e-02
-6.80298805e-02
-7.51885623e-02
-8.23465437e-02
-8.95037428e-02
-9.66600999e-02
-1.03815556e-01
-1.10970013e-01
-1.18123442e-01
-1.25275761e-01
-1.32426888e-01
-1.39576763e-01
-1.46725342e-01
-1.53872520e-01
-1.61018252e-01
-1.68162465e-01
-1.75305113e-01
-1.82446077e-01
-1.89585358e-01
-1.96722835e-01
-2.03858450e-01
-2.10992172e-01
-2.18123883e-01
-2.25253537e-01
-2.32381061e-01
-2.39506423e-01
-2.46629521e-01
-2.53750294e-01
-2.60868669e-01
-2.67984569e-01
-2.75097966e-01
-2.82208771e-01
-2.89316922e-01
-2.96422362e-01
-3.03525001e-01
-3.10624748e-01
-3.17721575e-01
-3.24815422e-01
-3.31906199e-01
-3.38993877e-01
-3.46078336e-01
-3.53159547e-01
-3.60237420e-01
-3.67311895e-01
-3.74382913e-01
-3.81450444e-01
-3.88514340e-01
-3.95574570e-01
-4.02631074e-01
-4.09683794e-01
-4.16732669e-01
-4.23777580e-01
-4.30818528e-01
-4.37855422e-01
-4.44888175e-01
-4.51916754e-01
-4.58941042e-01
-4.65961039e-01
-4.72976655e-01
-4.79987741e-01
-4.86994386e-01
-4.93996412e-01
-5.00993788e-01
-5.07986426e-01
-5.14974296e-01
-5.21957278e-01
-5.28935432e-01
-5.35908520e-01
-5.42876601e-01
-5.49839556e-01
-5.56797326e-01
-5.63749790e-01
-5.70697069e-01
-5.77638865e-01
-5.84575295e-01
-5.91506183e-01
-5.98431528e-01
-6.05351150e-01
-6.12265170e-01
-6.19173348e-01
-6.26075685e-01
-6.32972181e-01
-6.39862657e-01
-6.46747112e-01
-6.53625548e-01
-6.60497785e-01
-6.67363763e-01
-6.74223483e-01
-6.81076825e-01
-6.87923789e-01
-6.94764256e-01
-7.01598167e-01
-7.08425522e-01
-7.15246141e-01
-7.22060025e-01
-7.28867114e-01
-7.35667348e-01
-7.42460728e-01
-7.49246955e-01
-7.56026208e-01
-7.62798309e-01
-7.69563258e-01
-7.76320875e-01
-7.83071339e-01
-7.89814293e-01
-7.96549857e-01
-8.03277850e-01
-8.09998333e-01
-8.16711187e-01
-8.23416293e-01
-8.30113709e-01
-8.36803257e-01
-8.43484938e-01
-8.50158691e-01
-8.56824517e-01
-8.63482118e-01
-8.70131552e-01
-8.76772940e-01
-8.83406043e-01
-8.90030742e-01
-8.96647096e-01
-9.03255045e-01
-9.09854412e-01
-9.16445255e-01
-9.23027396e-01
-9.29600894e-01
-9.36165631e-01
-9.42721546e-01
-9.49268579e-01
-9.55806673e-01
-9.62335765e-01
-9.68855798e-01
-9.75366712e-01
-9.81868386e-01
-9.88360822e-01
-9.94843960e-01
-1.00131774e+00
-1.00778210e+00
-1.01423681e+00
-1.02068222e+00
-1.02711785e+00
-1.03354383e+00
-1.03996003e+00
-1.04636657e+00
-1.05276310e+00
-1.05914974e+00
-1.06552649e+00
-1.07189310e+00
-1.07824969e+00
-1.08459616e+00
-1.09093225e+00
-1.09725809e+00
-1.10357380e+00
-1.10987890e+00
-1.11617362e+00
-1.12245774e+00
-1.12873137e+00
-1.13499439e+00
-1.14124668e+00
-1.14748824e+00
-1.15371895e+00
-1.15993881e+00
-1.16614771e+00
-1.17234564e+00
-1.17853260e+00
-1.18470836e+00
-1.19087291e+00
-1.19702637e+00
-1.20316851e+00
-1.20929933e+00
-1.21541870e+00
-1.22152674e+00
-1.22762311e+00
-1.23370802e+00
-1.23978126e+00
-1.24584281e+00
-1.25189269e+00
-1.25793064e+00
-1.26395690e+00
-1.26997113e+00
-1.27597344e+00
-1.28196383e+00
-1.28794205e+00
-1.29390812e+00
-1.29986191e+00
-1.30580354e+00
-1.31173289e+00
-1.31764996e+00
-1.32355452e+00
-1.32944655e+00
-1.33532619e+00
-1.34119320e+00
-1.34704757e+00
-1.35288918e+00
-1.35871816e+00
-1.36453426e+00
-1.37033749e+00
-1.37612760e+00
-1.38190508e+00
-1.38766944e+00
-1.39342082e+00
-1.39915884e+00
-1.40488386e+00
-1.41059566e+00
-1.41629434e+00
-1.42197931e+00
-1.42765105e+00
-1.43330932e+00
-1.43895388e+00
-1.44458520e+00
-1.45020282e+00
-1.45580673e+00
-1.46139693e+00
-1.46697342e+00
-1.47253597e+00
-1.47808468e+00
-1.48361969e+00
-1.48914051e+00
-1.49464715e+00
-1.50013995e+00
-1.50561857e+00
-1.51108313e+00
-1.51653326e+00
-1.52196908e+00
-1.52739060e+00
-1.53279769e+00
-1.53819048e+00
-1.54356861e+00
-1.54893231e+00
-1.55428135e+00
-1.55961585e+00
-1.56493568e+00
-1.57024062e+00
-1.57553089e+00
-1.58080626e+00
-1.58606672e+00
-1.59131229e+00
-1.59654284e+00
-1.60175824e+00
-1.60695863e+00
-1.61214399e+00
-1.61731410e+00
-1.62246883e+00
-1.62760830e+00
-1.63273263e+00
-1.63784146e+00
-1.64293480e+00
-1.64801276e+00
-1.65307522e+00
-1.65812194e+00
-1.66315317e+00
-1.66816878e+00
-1.67316854e+00
-1.67815256e+00
-1.68312073e+00
-1.68807316e+00
-1.69300961e+00
-1.69793022e+00
-1.70283473e+00
-1.70772326e+00
-1.71259558e+00
-1.71745181e+00
-1.72229195e+00
-1.72711587e+00
-1.73192334e+00
-1.73671472e+00
-1.74148953e+00
-1.74624801e+00
-1.75099003e+00
-1.75571561e+00
-1.76042461e+00
-1.76511717e+00
-1.76979291e+00
-1.77445197e+00
-1.77909434e+00
-1.78372002e+00
-1.78832889e+00
-1.79292083e+00
-1.79749584e+00
-1.80205417e+00
-1.80659521e+00
-1.81111944e+00
-1.81562650e+00
-1.82011652e+00
-1.82458925e+00
-1.82904494e+00
-1.83348346e+00
-1.83790445e+00
-1.84230828e+00
-1.84669471e+00
-1.85106385e+00
-1.85541546e+00
-1.85974967e+00
-1.86406624e+00
-1.86836529e+00
-1.87264669e+00
-1.87691045e+00
-1.88115656e+00
-1.88538504e+00
-1.88959575e+00
-1.89378858e+00
-1.89796340e+00
-1.90212059e+00
-1.90625989e+00
-1.91038108e+00
-1.91448438e+00
-1.91856945e+00
-1.92263663e+00
-1.92668569e+00
-1.93071651e+00
-1.93472910e+00
-1.93872344e+00
-1.94269979e+00
-1.94665766e+00
-1.95059717e+00
-1.95451820e+00
-1.95842111e+00
-1.96230531e+00
-1.96617115e+00
-1.97001839e+00
-1.97384703e+00
-1.97765732e+00
-1.98144865e+00
-1.98522151e+00
-1.98897552e+00
-1.99271107e+00
-1.99642754e+00
-2.00012541e+00
-2.00380421e+00
-2.00746441e+00
-2.01110554e+00
-2.01472783e+00
-2.01833105e+00
-2.02191520e+00
-2.02548027e+00
-2.02902627e+00
-2.03255320e+00
-2.03606105e+00
-2.03954959e+00
-2.04301906e+00
-2.04646945e+00
-2.04990005e+00
-2.05331182e+00
-2.05670381e+00
-2.06007671e+00
-2.06343031e+00
-2.06676412e+00
-2.07007885e+00
-2.07337356e+00
-2.07664919e+00
-2.07990503e+00
-2.08314133e+00
-2.08635807e+00
-2.08955526e+00
-2.09273267e+00
-2.09589028e+00
-2.09902811e+00
-2.10214615e+00
-2.10524440e+00
-2.10832286e+00
-2.11138153e+00
-2.11442018e+00
-2.11743903e+00
-2.12043786e+00
-2.12341666e+00
-2.12637568e+00
-2.12931442e+00
-2.13223314e+00
-2.13513184e+00
-2.13801026e+00
-2.14086866e+00
-2.14370704e+00
-2.14652514e+00
-2.14932299e+00
-2.15210056e+00
-2.15485787e+00
-2.15759468e+00
-2.16031146e+00
-2.16300774e+00
-2.16568375e+00
-2.16833901e+00
-2.17097425e+00
-2.17358875e+00
-2.17618299e+00
-2.17875671e+00
-2.18130994e+00
-2.18384266e+00
-2.18635464e+00
-2.18884587e+00
-2.19131684e+00
-2.19376683e+00
-2.19619632e+00
-2.19860506e+00
-2.20099306e+00
-2.20336032e+00
-2.20570707e+00
-2.20803285e+00
-2.21033788e+00
-2.21262217e+00
-2.21488523e+00
-2.21712780e+00
-2.21934938e+00
-2.22154999e+00
-2.22372961e+00
-2.22588849e+00
-2.22802615e+00
-2.23014307e+00
-2.23223877e+00
-2.23431373e+00
-2.23636723e+00
-2.23839998e+00
-2.24041152e+00
-2.24240208e+00
-2.24437141e+00
-2.24631953e+00
-2.24824643e+00
-2.25015211e+00
-2.25203681e+00
-2.25390029e+00
-2.25574231e+00
-2.25756335e+00
-2.25936317e+00
-2.26114154e+00
-2.26289845e+00
-2.26463437e+00
-2.26634860e+00
-2.26804161e+00
-2.26971340e+00
-2.27136350e+00
-2.27299237e+00
-2.27460003e+00
-2.27618599e+00
-2.27775073e+00
-2.27929378e+00
-2.28081536e+00
-2.28231573e+00
-2.28379440e+00
-2.28525162e+00
-2.28668737e+00
-2.28810120e+00
-2.28949380e+00
-2.29086471e+00
-2.29221416e+00
-2.29354191e+00
-2.29484797e+00
-2.29613256e+00
-2.29739571e+00
-2.29863691e+00
-2.29985642e+00
-2.30105448e+00
-2.30223060e+00
-2.30338526e+00
-2.30451822e+00
-2.30562925e+00
-2.30671883e+00
-2.30778646e+00
-2.30883241e+00
-2.30985665e+00
-2.31085896e+00
-2.31183982e+00
-2.31279874e+00
-2.31373572e+00
-2.31465101e+00
-2.31554461e+00
-2.31641626e+00
-2.31726599e+00
-2.31809425e+00
-2.31890035e+00
-2.31968451e+00
-2.32044721e+00
-2.32118797e+00
-2.32190657e+00
-2.32260346e+00
-2.32327843e+00
-2.32393169e+00
-2.32456255e+00
-2.32517195e+00
-2.32575941e+00
-2.32632494e+00
-2.32686853e+00
-2.32739019e+00
-2.32788992e+00
-2.32836771e+00
-2.32882357e+00
-2.32925749e+00
-2.32966948e+00
-2.33005953e+00
-2.33042741e+00
-2.33077359e+00
-2.33109760e+00
-2.33139992e+00
-2.33168006e+00
-2.33193827e+00
-2.33217454e+00
-2.33238888e+00
-2.33258128e+00
-2.33275151e+00
-2.33290005e+00
-2.33302641e+00
-2.33313084e+00
-2.33321333e+00
-2.33327389e+00
-2.33331227e+00
-2.33332872e+00
-2.33332324e+00
-2.33329582e+00
-2.33324623e+00
-2.33317494e+00
-2.33308148e+00
-2.33296609e+00
-2.33282852e+00
-2.33266926e+00
-2.33248782e+00
-2.33228469e+00
-2.33205914e+00
-2.33181190e+00
-2.33154273e+00
-2.33125162e+00
-2.33093834e+00
-2.33060312e+00
-2.33024621e+00
-2.32986712e+00
-2.32946610e+00
-2.32904315e+00
-2.32859826e+00
-2.32813144e+00
-2.32764292e+00
-2.32713223e+00
-2.32659960e+00
-2.32604504e+00
-2.32546854e+00
-2.32487011e+00
-2.32424998e+00
-2.32360768e+00
-2.32294369e+00
-2.32225776e+00
-2.32155013e+00
-2.32082033e+00
-2.32006860e+00
-2.31929517e+00
-2.31850004e+00
-2.31768298e+00
-2.31684399e+00
-2.31598306e+00
-2.31510043e+00
-2.31419611e+00
-2.31327009e+00
-2.31232190e+00
-2.31135225e+00
-2.31036067e+00
-2.30934739e+00
-2.30831218e+00
-2.30725527e+00
-2.30617666e+00
-2.30507636e+00
-2.30395436e+00
-2.30281067e+00
-2.30164528e+00
-2.30045819e+00
-2.29924941e+00
-2.29801893e+00
-2.29676676e+00
-2.29549313e+00
-2.29419780e+00
-2.29288077e+00
-2.29154229e+00
-2.29018211e+00
-2.28880024e+00
-2.28739691e+00
-2.28597212e+00
-2.28452563e+00
-2.28305793e+00
-2.28156829e+00
-2.28005743e+00
-2.27852511e+00
-2.27697110e+00
-2.27539563e+00
-2.27379894e+00
-2.27218103e+00
-2.27054119e+00
-2.26888013e+00
-2.26719785e+00
-2.26549411e+00
-2.26376915e+00
-2.26202273e+00
-2.26025510e+00
-2.25846601e+00
-2.25665569e+00
-2.25482416e+00
-2.25297141e+00
-2.25109720e+00
-2.24920225e+00
-2.24728560e+00
-2.24534798e+00
-2.24338937e+00
-2.24140954e+00
-2.23940849e+00
-2.23738647e+00
-2.23534322e+00
-2.23327899e+00
-2.23119354e+00
-2.22908735e+00
-2.22696018e+00
-2.22481179e+00
-2.22264242e+00
-2.22045231e+00
-2.21824121e+00
-2.21600938e+00
-2.21375632e+00
-2.21148252e+00
-2.20918798e+00
-2.20687270e+00
-2.20453644e+00
-2.20217967e+00
-2.19980168e+00
-2.19740343e+00
-2.19498444e+00
-2.19254446e+00
-2.19008398e+00
-2.18760300e+00
-2.18510127e+00
-2.18257880e+00
-2.18003583e+00
-2.17747259e+00
-2.17488885e+00
-2.17228436e+00
-2.16965938e+00
-2.16701412e+00
-2.16434836e+00
-2.16166210e+00
-2.15895557e+00
-2.15622878e+00
-2.15348172e+00
-2.15071440e+00
-2.14792657e+00
-2.14511871e+00
-2.14229059e+00
-2.13944221e+00
-2.13657379e+00
-2.13368511e+00
-2.13077641e+00
-2.12784767e+00
-2.12489867e+00
-2.12192988e+00
-2.11894107e+00
-2.11593223e+00
-2.11290359e+00
-2.10985470e+00
-2.10678625e+00
-2.10369778e+00
-2.10058951e+00
-2.09746170e+00
-2.09431386e+00
-2.09114647e+00
-2.08795905e+00
-2.08475232e+00
-2.08152580e+00
-2.07827973e+00
-2.07501388e+00
-2.07172871e+00
-2.06842399e+00
-2.06509972e+00
-2.06175590e+00
-2.05839276e+00
-2.05501032e+00
-2.05160856e+00
-2.04818726e+00
-2.04474688e+00
-2.04128695e+00
-2.03780794e+00
-2.03430963e+00
-2.03079224e+00
-2.02725577e+00
-2.02370000e+00
-2.02012539e+00
-2.01653171e+00
-2.01291895e+00
-2.00928736e+00
-2.00563693e+00
-2.00196719e+00
-1.99827886e+00
-1.99457169e+00
-1.99084580e+00
-1.98710096e+00
-1.98333752e+00
-1.97955537e+00
-1.97575450e+00
-1.97193515e+00
-1.96809721e+00
-1.96424067e+00
-1.96036553e+00
-1.95647204e+00
-1.95256019e+00
-1.94862974e+00
-1.94468105e+00
-1.94071400e+00
-1.93672872e+00
-1.93272531e+00
-1.92870343e+00
-1.92466354e+00
-1.92060542e+00
-1.91652930e+00
-1.91243494e+00
-1.90832269e+00
-1.90419257e+00
-1.90004444e+00
-1.89587831e+00
-1.89169443e+00
-1.88749266e+00
-1.88327312e+00
-1.87903595e+00
-1.87478089e+00
-1.87050831e+00
-1.86621809e+00
-1.86191010e+00
-1.85758471e+00
-1.85324192e+00
-1.84888160e+00
-1.84450376e+00
-1.84010875e+00
-1.83569622e+00
-1.83126628e+00
-1.82681930e+00
-1.82235503e+00
-1.81787372e+00
-1.81337523e+00
-1.80885959e+00
-1.80432701e+00
-1.79977727e+00
-1.79521060e+00
-1.79062712e+00
-1.78602672e+00
-1.78140938e+00
-1.77677548e+00
-1.77212465e+00
-1.76745725e+00
-1.76277316e+00
-1.75807238e+00
-1.75335503e+00
-1.74862134e+00
-1.74387097e+00
-1.73910427e+00
-1.73432124e+00
-1.72952175e+00
-1.72470593e+00
-1.71987402e+00
-1.71502590e+00
-1.71016169e+00
-1.70528114e+00
-1.70038462e+00
-1.69547212e+00
-1.69054365e+00
-1.68559909e+00
-1.68063879e+00
-1.67566264e+00
-1.67067075e+00
-1.66566312e+00
-1.66063964e+00
-1.65560067e+00
-1.65054607e+00
-1.64547598e+00
-1.64039028e+00
-1.63528907e+00
-1.63017249e+00
-1.62504077e+00
-1.61989343e+00
-1.61473107e+00
-1.60955334e+00
-1.60436058e+00
-1.59915257e+00
-1.59392953e+00
-1.58869147e+00
-1.58343852e+00
-1.57817054e+00
-1.57288778e+00
-1.56759012e+00
-1.56227779e+00
-1.55695069e+00
-1.55160892e+00
-1.54625261e+00
-1.54088163e+00
-1.53549612e+00
-1.53009605e+00
-1.52468169e+00
-1.51925302e+00
-1.51381004e+00
-1.50835276e+00
-1.50288129e+00
-1.49739552e+00
-1.49189579e+00
-1.48638189e+00
-1.48085403e+00
-1.47531223e+00
-1.46975660e+00
-1.46418703e+00
-1.45860374e+00
-1.45300663e+00
-1.44739592e+00
-1.44177151e+00
-1.43613338e+00
-1.43048191e+00
-1.42481697e+00
-1.41913855e+00
-1.41344666e+00
-1.40774167e+00
-1.40202332e+00
-1.39629173e+00
-1.39054704e+00
-1.38478911e+00
-1.37901819e+00
-1.37323439e+00
-1.36743760e+00
-1.36162794e+00
-1.35580540e+00
-1.34997010e+00
-1.34412205e+00
-1.33826149e+00
-1.33238816e+00
-1.32650232e+00
-1.32060397e+00
-1.31469309e+00
-1.30877006e+00
-1.30283451e+00
-1.29688668e+00
-1.29092669e+00
-1.28495455e+00
-1.27897036e+00
-1.27297401e+00
-1.26696575e+00
-1.26094544e+00
-1.25491333e+00
-1.24886942e+00
-1.24281371e+00
-1.23674631e+00
-1.23066723e+00
-1.22457647e+00
-1.21847427e+00
-1.21236074e+00
-1.20623553e+00
-1.20009899e+00
-1.19395125e+00
-1.18779230e+00
-1.18162203e+00
-1.17544067e+00
-1.16924822e+00
-1.16304481e+00
-1.15683043e+00
-1.15060508e+00
-1.14436889e+00
-1.13812208e+00
-1.13186443e+00
-1.12559617e+00
-1.11931717e+00
-1.11302769e+00
-1.10672784e+00
-1.10041738e+00
-1.09409666e+00
-1.08776569e+00
-1.08142436e+00
-1.07507288e+00
-1.06871128e+00
-1.06233954e+00
-1.05595791e+00
-1.04956627e+00
-1.04316473e+00
-1.03675330e+00
-1.03033221e+00
-1.02390146e+00
-1.01746094e+00
-1.01101089e+00
-1.00455129e+00
-9.98082161e-01
-9.91603792e-01
-9.85115945e-01
-9.78618920e-01
-9.72112596e-01
-9.65597093e-01
-9.59072590e-01
-9.52538967e-01
-9.45996404e-01
-9.39444900e-01
-9.32884574e-01
-9.26315427e-01
-9.19737637e-01
-9.13151085e-01
-9.06556010e-01
-8.99952352e-01
-8.93340230e-01
-8.86719584e-01
-8.80090714e-01
-8.73453498e-01
-8.66808057e-01
-8.60154450e-01
-8.53492737e-01
-8.46823037e-01
-8.40145350e-01
-8.33459675e-01
-8.26766193e-01
-8.20064843e-01
-8.13355923e-01
-8.06639254e-01
-7.99915016e-01
-7.93183208e-01
-7.86443949e-01
-7.79697239e-01
-7.72943199e-01
-7.66181827e-01
-7.59413302e-01
-7.52637625e-01
-7.45854855e-01
-7.39065051e-01
-7.32268274e-01
-7.25464642e-01
-7.18654096e-01
-7.11836874e-01
-7.05012918e-01
-6.98182225e-01
-6.91345036e-01
-6.84501350e-01
-6.77651167e-01
-6.70794666e-01
-6.63931727e-01
-6.57062650e-01
-6.50187314e-01
-6.43305838e-01
-6.36418343e-01
-6.29524827e-01
-6.22625411e-01
-6.15720212e-01
-6.08809114e-01
-6.01892233e-01
-5.94969749e-01
-5.88041604e-01
-5.81107974e-01
-5.74168801e-01
-5.67224324e-01
-5.60274422e-01
-5.53319275e-01
-5.46358883e-01
-5.39393425e-01
-5.32422781e-01
-5.25447190e-01
-5.18466651e-01
-5.11481166e-01
-5.04490912e-01
-4.97495860e-01
-4.90496159e-01
-4.83491838e-01
-4.76482958e-01
-4.69469577e-01
-4.62451756e-01
-4.55429643e-01
-4.48403180e-01
-4.41372544e-01
-4.34337676e-01
-4.27298784e-01
-4.20255810e-01
-4.13208932e-01
-4.06158119e-01
-3.99103492e-01
-3.92045110e-01
-3.84983003e-01
-3.77917320e-01
-3.70848060e-01
-3.63775283e-01
-3.56699079e-01
-3.49619538e-01
-3.42536718e-01
-3.35450619e-01
-3.28361422e-01
-3.21269095e-01
-3.14173758e-01
-3.07075411e-01
-2.99974203e-01
-2.92870164e-01
-2.85763383e-01
-2.78653920e-01
-2.71541804e-01
-2.64427155e-01
-2.57310003e-01
-2.50190407e-01
-2.43068457e-01
-2.35944226e-01
-2.28817791e-01
-2.21689165e-01
-2.14558467e-01
-2.07425743e-01
-2.00291082e-01
-1.93154529e-01
-1.86016142e-01
-1.78876013e-01
-1.71734199e-01
-1.64590761e-01
-1.57445773e-01
-1.50299311e-01
-1.43151417e-01
-1.36002198e-01
-1.28851682e-01
-1.21699952e-01
-1.14547074e-01
-1.07393116e-01
-1.00238152e-01
-9.30822417e-02
-8.59254524e-02
-7.87678510e-02
-7.16095120e-02
-6.44505024e-02
-5.72908781e-02
-5.01307175e-02
-4.29700799e-02
-3.58090438e-02
-2.86476668e-02
-2.14860216e-02
-1.43241733e-02
-7.22613418e-03
-1.08719512e-03
1.08719512e-03
7.22613418e-03
